 BRA20 5   13091    dpb1    3.6080 0.0100  3.0 12.0 4 0  9.45e-04 earthnote 1620300230.20564 1                                                                                                                      
 BRA20 5   13092    dpb1    3.6512 0.0100  3.0 12.0 4 0  9.65e-04 earthnote 1620300229.24133 1                                                                                                                      
 BRA20 5   13093    dpb1    3.6922 0.0100  3.0 12.0 4 0  9.85e-04 earthnote 1620300232.57004 1                                                                                                                      
 BRA20 5   13094    dpb1    3.7384 0.0100  3.0 12.0 4 0  1.01e-03 earthnote 1620300233.71197 1                                                                                                                      
 BRA20 5   13095    dpb1    3.7827 0.0100  3.0 12.0 4 0  1.03e-03 earthnote 1620300234.17175 1                                                                                                                      
 BRA20 5   13096    dpb1    3.8240 0.0100  3.0 12.0 4 0  1.04e-03 earthnote 1620300234.94219 1                                                                                                                      
 BRA20 5   13097    dpb1    3.8720 0.0100  3.0 12.0 4 0  1.06e-03 earthnote 1620300236.52030 1                                                                                                                      
 BRA20 5   13098    dpb1    3.9145 0.0100  3.0 12.0 4 0  1.08e-03 earthnote 1620300235.68213 1                                                                                                                      
 BRA20 5   13099    dpb1    3.9596 0.0100  3.0 12.0 4 0  1.10e-03 earthnote 1620300237.08669 1                                                                                                                      
 BRA20 5   13100    dpb1    3.9925 0.0100  3.0 12.0 4 0  1.12e-03 earthnote 1620300238.05667 1                                                                                                                      
 BRA20 4   13101    dpb1    4.0395 0.0150  3.0 12.0 4 0  3.43e-03 earthnote 1620239270.72502 1                                                                                                                      
 BRA20 5   13102    dpb1    4.0872 0.0100  3.0 12.0 4 0  1.16e-03 earthnote 1620300239.48198 1                                                                                                                      
 BRA20 5   13103    dpb1    4.1300 0.0100  3.0 12.0 4 0  1.18e-03 earthnote 1620300240.18595 1                                                                                                                      
 BRA20 5   13104    dpb1    4.1721 0.0100  3.0 12.0 4 0  1.20e-03 earthnote 1620300240.81808 1                                                                                                                      
 BRA20 5   13105    dpb1    4.2128 0.0100  3.0 12.0 4 0  1.22e-03 earthnote 1620300242.04826 1                                                                                                                      
 BRA20 5   13106    dpb1    4.2591 0.0100  3.0 12.0 4 0  1.24e-03 earthnote 1620300242.64991 1                                                                                                                      
 BRA20 5   14089    dpb1    3.4496 0.0150  3.0 12.0 4 0  9.12e-04 earthnote 1620236960.73984 1                                                                                                                      
 BRA20 5   14090    dpb1    3.5161 0.0150  3.0 12.0 4 0  9.32e-04 earthnote 1620236961.76893 1                                                                                                                      
 BRA20 5   14091    dpb1    3.5747 0.0150  3.0 12.0 4 0  9.52e-04 earthnote 1620236962.72867 1                                                                                                                      
 BRA20 5   14092    dpb1    3.6336 0.0150  3.0 12.0 4 0  9.72e-04 earthnote 1620236963.53093 1                                                                                                                      
 BRA20 5   14093    dpb1    3.6933 0.0150  3.0 12.0 4 0  9.92e-04 earthnote 1620236967.13532 1                                                                                                                      
 BRA20 5   14094    dpb1    3.7292 0.0150  3.0 12.0 4 0  1.01e-03 earthnote 1620236966.22248 1                                                                                                                      
 BRA20 5   14095    dpb1    3.7779 0.0150  3.0 12.0 4 0  1.03e-03 earthnote 1620236969.33013 1                                                                                                                      
 BRA20 5   14096    dpb1    3.8144 0.0150  3.0 12.0 4 0  1.05e-03 earthnote 1620236970.15852 1                                                                                                                      
 BRA20 5   14097    dpb1    3.8706 0.0150  3.0 12.0 4 0  1.07e-03 earthnote 1620236971.10908 1                                                                                                                      
 BRA20 5   14098    dpb1    3.9126 0.0150  3.0 12.0 4 0  1.09e-03 earthnote 1620236972.14154 1                                                                                                                      
 BRA20 5   14099    dpb1    3.9422 0.0150  3.0 12.0 4 0  1.11e-03 earthnote 1620236972.98340 1                                                                                                                      
 BRA20 5   14100    dpb1    3.9833 0.0150  3.0 12.0 4 0  1.13e-03 earthnote 1620236973.89473 1                                                                                                                      
 BRA20 5   14101    dpb1    4.0218 0.0150  3.0 12.0 4 0  1.15e-03 earthnote 1620236985.72984 1                                                                                                                      
 BRA20 5   14102    dpb1    4.0695 0.0150  3.0 12.0 4 0  1.17e-03 earthnote 1620236986.78796 1                                                                                                                      
 BRA20 5   14103    dpb1    4.1180 0.0150  3.0 12.0 4 0  1.19e-03 earthnote 1620236987.59058 1                                                                                                                      
 BRA20 5   14104    dpb1    4.1694 0.0150  3.0 12.0 4 0  1.21e-03 earthnote 1620236988.27782 1                                                                                                                      
 BRA20 5   14105    dpb1    4.2175 0.0150  3.0 12.0 4 0  1.23e-03 earthnote 1620236954.35851 1                                                                                                                      
 BRA20 5   14106    dpb1    4.2608 0.0150  3.0 12.0 4 0  1.25e-03 earthnote 1620236953.24985 1                                                                                                                      
 BRA20 4   15089    dpb1    3.4640 0.0150  3.0 12.0 4 0  9.22e-04 earthnote 1620237113.50249 1                                                                                                                      
 BRA20 4   15090    dpb1    3.5225 0.0150  3.0 12.0 4 0  9.41e-04 earthnote 1620237114.36386 1                                                                                                                      
 BRA20 4   15091    dpb1    3.5842 0.0150  3.0 12.0 4 0  9.61e-04 earthnote 1620237115.46824 1                                                                                                                      
 BRA20 4   15092    dpb1    3.6384 0.0150  3.0 12.0 4 0  9.81e-04 earthnote 1620237116.26858 1                                                                                                                      
 BRA20 4   15093    dpb1    3.6894 0.0150  3.0 12.0 4 0  1.00e-03 earthnote 1620237117.00667 1                                                                                                                      
 BRA20 4   15094    dpb1    3.7419 0.0150  3.0 12.0 4 0  1.02e-03 earthnote 1620237119.67741 1                                                                                                                      
 BRA20 4   15095    dpb1    3.7833 0.0150  3.0 12.0 4 0  1.04e-03 earthnote 1620237118.47726 1                                                                                                                      
 BRA20 4   15096    dpb1    3.8255 0.0150  3.0 12.0 4 0  1.06e-03 earthnote 1620237120.42057 1                                                                                                                      
 BRA20 4   15097    dpb1    3.8687 0.0150  3.0 12.0 4 0  1.08e-03 earthnote 1620237121.04622 1                                                                                                                      
 BRA20 4   15098    dpb1    3.9152 0.0150  3.0 12.0 4 0  1.10e-03 earthnote 1620237122.17023 1                                                                                                                      
 BRA20 4   15099    dpb1    3.9541 0.0150  3.0 12.0 4 0  1.12e-03 earthnote 1620237123.10323 1                                                                                                                      
 BRA20 4   15100    dpb1    3.9866 0.0150  3.0 12.0 4 0  1.14e-03 earthnote 1620237124.09629 1                                                                                                                      
 BRA20 4   15101    dpb1    4.0295 0.0150  3.0 12.0 4 0  1.16e-03 earthnote 1620237124.76354 1                                                                                                                      
 BRA20 4   15102    dpb1    4.0710 0.0150  3.0 12.0 4 0  1.18e-03 earthnote 1620237125.41219 1                                                                                                                      
 BRA20 4   15103    dpb1    4.1168 0.0150  3.0 12.0 4 0  1.20e-03 earthnote 1620237125.98741 1                                                                                                                      
 BRA20 4   15104    dpb1    4.1586 0.0150  3.0 12.0 4 0  1.22e-03 earthnote 1620237126.70215 1                                                                                                                      
 BRA20 4   15105    dpb1    4.1941 0.0150  3.0 12.0 4 0  1.24e-03 earthnote 1620237127.48615 1                                                                                                                      
 BRA20 4   15106    dpb1    4.2405 0.0150  3.0 12.0 4 0  1.26e-03 earthnote 1620237128.26681 1                                                                                                                      
 BRA20 4   16074    dpb1    2.8077 0.0100  3.0 12.0 4 0  6.49e-04 earthnote 1620237276.30985 1                                                                                                                      
 BRA20 4   16075    dpb1    2.8076 0.0100  3.0 12.0 4 0  6.68e-04 earthnote 1620237277.31345 1                                                                                                                      
 BRA20 4   16076    dpb1    2.8100 0.0100  3.0 12.0 4 0  6.86e-04 earthnote 1620237278.54563 1                                                                                                                      
 BRA20 4   16077    dpb1    2.8275 0.0100  3.0 12.0 4 0  7.05e-04 earthnote 1620237273.79535 1                                                                                                                      
 BRA20 4   16078    dpb1    2.8558 0.0100  3.0 12.0 4 0  7.24e-04 earthnote 1620237273.01786 1                                                                                                                      
 BRA20 4   16079    dpb1    2.8951 0.0100  3.0 12.0 4 0  7.43e-04 earthnote 1620237272.24697 1                                                                                                                      
 BRA20 4   16080    dpb1    2.9437 0.0100  3.0 12.0 4 0  7.62e-04 earthnote 1620237271.43184 1                                                                                                                      
 BRA20 4   16081    dpb1    3.0128 0.0100  3.0 12.0 4 0  7.81e-04 earthnote 1620237270.54429 1                                                                                                                      
 BRA20 4   16082    dpb1    3.0915 0.0100  3.0 12.0 4 0  8.00e-04 earthnote 1620237269.76676 1                                                                                                                      
 BRA20 4   16083    dpb1    3.1563 0.0100  3.0 12.0 4 0  8.19e-04 earthnote 1620237269.15065 1                                                                                                                      
 BRA20 4   16084    dpb1    3.2278 0.0100  3.0 12.0 4 0  8.38e-04 earthnote 1620237268.23672 1                                                                                                                      
 BRA20 4   16085    dpb1    3.2945 0.0100  3.0 12.0 4 0  8.57e-04 earthnote 1620237267.45184 1                                                                                                                      
 BRA20 4   16086    dpb1    3.3609 0.0100  3.0 12.0 4 0  8.76e-04 earthnote 1620237266.16790 1                                                                                                                      
 BRA20 4   16087    dpb1    3.4159 0.0100  3.0 12.0 4 0  8.95e-04 earthnote 1620237264.86240 1                                                                                                                      
 BRA20 4   16088    dpb1    3.4606 0.0100  3.0 12.0 4 0  9.14e-04 earthnote 1620237281.70575 1                                                                                                                      
 BRA20 4   16089    dpb1    3.4996 0.0100  3.0 12.0 4 0  9.34e-04 earthnote 1620237284.41787 1                                                                                                                      
 BRA20 4   16090    dpb1    3.5320 0.0100  3.0 12.0 4 0  9.53e-04 earthnote 1620237252.66481 1                                                                                                                      
 BRA20 4   16091    dpb1    3.6021 0.0100  3.0 12.0 4 0  9.72e-04 earthnote 1620237251.78462 1                                                                                                                      
 BRA20 4   16092    dpb1    3.6590 0.0100  3.0 12.0 4 0  9.92e-04 earthnote 1620237251.05480 1                                                                                                                      
 BRA20 4   16093    dpb1    3.7055 0.0100  3.0 12.0 4 0  1.01e-03 earthnote 1620237250.47886 1                                                                                                                      
 BRA20 4   16094    dpb1    3.7510 0.0100  3.0 12.0 4 0  1.03e-03 earthnote 1620237249.84436 1                                                                                                                      
 BRA20 4   16095    dpb1    3.7895 0.0100  3.0 12.0 4 0  1.05e-03 earthnote 1620237248.37191 1                                                                                                                      
 BRA20 4   16096    dpb1    3.8400 0.0100  3.0 12.0 4 0  1.07e-03 earthnote 1620237249.25273 1                                                                                                                      
 BRA20 4   16097    dpb1    3.8852 0.0100  3.0 12.0 4 0  1.09e-03 earthnote 1620237247.53560 1                                                                                                                      
 BRA20 4   16098    dpb1    3.9274 0.0100  3.0 12.0 4 0  1.11e-03 earthnote 1620237246.98834 1                                                                                                                      
 BRA20 4   16099    dpb1    3.9715 0.0100  3.0 12.0 4 0  1.13e-03 earthnote 1620237245.38593 1                                                                                                                      
 BRA20 4   16100    dpb1    4.0097 0.0100  3.0 12.0 4 0  1.15e-03 earthnote 1620237244.66254 1                                                                                                                      
 BRA20 4   16101    dpb1    4.0496 0.0100  3.0 12.0 4 0  1.17e-03 earthnote 1620237243.93483 1                                                                                                                      
 BRA20 4   16102    dpb1    4.0809 0.0100  3.0 12.0 4 0  1.19e-03 earthnote 1620237243.09751 1                                                                                                                      
 BRA20 4   16103    dpb1    4.1168 0.0100  3.0 12.0 4 0  1.21e-03 earthnote 1620237242.37260 1                                                                                                                      
 BRA20 4   16104    dpb1    4.1472 0.0100  3.0 12.0 4 0  1.23e-03 earthnote 1620237241.61932 1                                                                                                                      
 BRA20 4   16105    dpb1    4.1822 0.0100  3.0 12.0 4 0  1.25e-03 earthnote 1620237240.60448 1                                                                                                                      
 BRA20 4   16106    dpb1    4.2295 0.0100  3.0 12.0 4 0  1.27e-03 earthnote 1620237239.69269 1                                                                                                                      
 BRA20 4   17074    dpb1    2.8683 0.0100  3.0 12.0 4 0  6.70e-04 earthnote 1620237359.59177 1                                                                                                                      
 BRA20 4   17075    dpb1    2.8908 0.0100  3.0 12.0 4 0  6.88e-04 earthnote 1620237356.54206 1                                                                                                                      
 BRA20 4   17076    dpb1    2.9168 0.0100  3.0 12.0 4 0  7.06e-04 earthnote 1620237355.57204 1                                                                                                                      
 BRA20 4   17077    dpb1    2.9451 0.0100  3.0 12.0 4 0  7.24e-04 earthnote 1620237354.58726 1                                                                                                                      
 BRA20 4   17078    dpb1    2.9783 0.0100  3.0 12.0 4 0  7.42e-04 earthnote 1620237351.91623 1                                                                                                                      
 BRA20 4   17079    dpb1    3.0230 0.0100  3.0 12.0 4 0  7.61e-04 earthnote 1620237362.76501 1                                                                                                                      
 BRA20 4   17080    dpb1    3.0671 0.0100  3.0 12.0 4 0  7.79e-04 earthnote 1620237351.15389 1                                                                                                                      
 BRA20 4   17081    dpb1    3.1169 0.0100  3.0 12.0 4 0  7.98e-04 earthnote 1620237350.51745 1                                                                                                                      
 BRA20 4   17082    dpb1    3.1790 0.0100  3.0 12.0 4 0  8.16e-04 earthnote 1620237349.68588 1                                                                                                                      
 BRA20 4   17083    dpb1    3.2369 0.0100  3.0 12.0 4 0  8.35e-04 earthnote 1620237349.02703 1                                                                                                                      
 BRA20 4   17084    dpb1    3.2951 0.0100  3.0 12.0 4 0  8.54e-04 earthnote 1620237348.17031 1                                                                                                                      
 BRA20 4   17085    dpb1    3.3486 0.0100  3.0 12.0 4 0  8.72e-04 earthnote 1620237347.46770 1                                                                                                                      
 BRA20 4   17086    dpb1    3.4064 0.0100  3.0 12.0 4 0  8.91e-04 earthnote 1620237346.76897 1                                                                                                                      
 BRA20 4   17087    dpb1    3.4657 0.0100  3.0 12.0 4 0  9.10e-04 earthnote 1620237346.00278 1                                                                                                                      
 BRA20 4   17088    dpb1    3.5189 0.0100  3.0 12.0 4 0  9.29e-04 earthnote 1620237365.48213 1                                                                                                                      
 BRA20 4   17089    dpb1    3.5527 0.0100  3.0 12.0 4 0  9.48e-04 earthnote 1620237341.49155 1                                                                                                                      
 BRA20 4   17090    dpb1    3.5992 0.0100  3.0 12.0 4 0  9.67e-04 earthnote 1620237340.58641 1                                                                                                                      
 BRA20 4   17091    dpb1    3.6443 0.0100  3.0 12.0 4 0  9.86e-04 earthnote 1620237339.79559 1                                                                                                                      
 BRA20 4   17092    dpb1    3.6853 0.0100  3.0 12.0 4 0  1.01e-03 earthnote 1620237338.39812 1                                                                                                                      
 BRA20 4   17093    dpb1    3.7376 0.0100  3.0 12.0 4 0  1.02e-03 earthnote 1620237337.35695 1                                                                                                                      
 BRA20 4   17094    dpb1    3.7688 0.0100  3.0 12.0 4 0  1.04e-03 earthnote 1620237336.28350 1                                                                                                                      
 BRA20 4   17095    dpb1    3.8148 0.0100  3.0 12.0 4 0  1.06e-03 earthnote 1620237335.46574 1                                                                                                                      
 BRA20 4   17096    dpb1    3.8595 0.0100  3.0 12.0 4 0  1.08e-03 earthnote 1620237334.50260 1                                                                                                                      
 BRA20 4   17097    dpb1    3.9035 0.0100  3.0 12.0 4 0  1.10e-03 earthnote 1620237333.77018 1                                                                                                                      
 BRA20 4   17098    dpb1    3.9424 0.0100  3.0 12.0 4 0  1.12e-03 earthnote 1620237333.04083 1                                                                                                                      
 BRA20 4   17099    dpb1    3.9794 0.0100  3.0 12.0 4 0  1.14e-03 earthnote 1620237332.36688 1                                                                                                                      
 BRA20 4   17100    dpb1    4.0158 0.0100  3.0 12.0 4 0  1.16e-03 earthnote 1620237331.60950 1                                                                                                                      
 BRA20 4   17101    dpb1    4.0593 0.0100  3.0 12.0 4 0  1.18e-03 earthnote 1620237330.71634 1                                                                                                                      
 BRA20 4   17102    dpb1    4.0858 0.0100  3.0 12.0 4 0  1.20e-03 earthnote 1620237329.73733 1                                                                                                                      
 BRA20 4   17103    dpb1    4.1249 0.0100  3.0 12.0 4 0  1.22e-03 earthnote 1620237329.10661 1                                                                                                                      
 BRA20 4   17104    dpb1    4.1708 0.0100  3.0 12.0 4 0  1.24e-03 earthnote 1620237325.29449 1                                                                                                                      
 BRA20 4   17105    dpb1    4.2109 0.0100  3.0 12.0 4 0  1.26e-03 earthnote 1620237324.33306 1                                                                                                                      
 BRA20 4   17106    dpb1    4.2505 0.0100  3.0 12.0 4 0  1.28e-03 earthnote 1620237323.55623 1                                                                                                                      
 BRA20 4   18079    dpb1    3.0966 0.0100  3.0 12.0 4 0  7.82e-04 earthnote 1620237505.08769 1                                                                                                                      
 BRA20 4   18080    dpb1    3.1435 0.0100  3.0 12.0 4 0  8.00e-04 earthnote 1620237434.85805 1                                                                                                                      
 BRA20 4   18081    dpb1    3.2024 0.0100  3.0 12.0 4 0  8.18e-04 earthnote 1620237435.59843 1                                                                                                                      
 BRA20 4   18082    dpb1    3.2604 0.0100  3.0 12.0 4 0  8.36e-04 earthnote 1620237441.73504 1                                                                                                                      
 BRA20 4   18083    dpb1    3.3136 0.0100  3.0 12.0 4 0  8.54e-04 earthnote 1620237442.57404 1                                                                                                                      
 BRA20 4   18084    dpb1    3.3721 0.0100  3.0 12.0 4 0  8.72e-04 earthnote 1620237443.99369 1                                                                                                                      
 BRA20 4   18085    dpb1    3.4309 0.0100  3.0 12.0 4 0  8.91e-04 earthnote 1620237443.26651 1                                                                                                                      
 BRA20 4   18086    dpb1    3.4751 0.0100  3.0 12.0 4 0  9.09e-04 earthnote 1620237448.18442 1                                                                                                                      
 BRA20 4   18087    dpb1    3.5162 0.0100  3.0 12.0 4 0  9.28e-04 earthnote 1620237445.34831 1                                                                                                                      
 BRA20 4   18088    dpb1    3.5663 0.0100  3.0 12.0 4 0  9.46e-04 earthnote 1620237446.03703 1                                                                                                                      
 BRA20 4   18089    dpb1    3.6029 0.0100  3.0 12.0 4 0  9.65e-04 earthnote 1620237449.66541 1                                                                                                                      
 BRA20 4   18090    dpb1    3.6419 0.0100  3.0 12.0 4 0  9.84e-04 earthnote 1620237450.83456 1                                                                                                                      
 BRA20 4   18091    dpb1    3.6826 0.0100  3.0 12.0 4 0  1.00e-03 earthnote 1620237451.62755 1                                                                                                                      
 BRA20 4   18092    dpb1    3.7159 0.0100  3.0 12.0 4 0  1.02e-03 earthnote 1620237452.33328 1                                                                                                                      
 BRA20 4   18093    dpb1    3.7552 0.0100  3.0 12.0 4 0  1.04e-03 earthnote 1620237453.07816 1                                                                                                                      
 BRA20 4   18094    dpb1    3.7981 0.0100  3.0 12.0 4 0  1.06e-03 earthnote 1620237453.76689 1                                                                                                                      
 BRA20 4   18095    dpb1    3.8491 0.0100  3.0 12.0 4 0  1.08e-03 earthnote 1620237454.78676 1                                                                                                                      
 BRA20 4   18096    dpb1    3.8950 0.0100  3.0 12.0 4 0  1.10e-03 earthnote 1620237455.85741 1                                                                                                                      
 BRA20 4   18097    dpb1    3.9333 0.0100  3.0 12.0 4 0  1.12e-03 earthnote 1620237456.88363 1                                                                                                                      
 BRA20 4   18098    dpb1    3.9682 0.0100  3.0 12.0 4 0  1.13e-03 earthnote 1620237457.99281 1                                                                                                                      
 BRA20 4   18099    dpb1    4.0038 0.0100  3.0 12.0 4 0  1.15e-03 earthnote 1620237459.11002 1                                                                                                                      
 BRA20 4   18100    dpb1    4.0366 0.0100  3.0 12.0 4 0  1.17e-03 earthnote 1620237459.97130 1                                                                                                                      
 BRA20 4   18101    dpb1    4.0706 0.0100  3.0 12.0 4 0  1.19e-03 earthnote 1620237461.05722 1                                                                                                                      
 BRA20 4   18102    dpb1    4.1121 0.0100  3.0 12.0 4 0  1.21e-03 earthnote 1620237461.93064 1                                                                                                                      
 BRA20 4   18103    dpb1    4.1550 0.0100  3.0 12.0 4 0  1.23e-03 earthnote 1620237463.94857 1                                                                                                                      
 BRA20 4   18104    dpb1    4.1972 0.0100  3.0 12.0 4 0  1.25e-03 earthnote 1620237464.76113 1                                                                                                                      
 BRA20 4   18105    dpb1    4.2446 0.0100  3.0 12.0 4 0  1.27e-03 earthnote 1620237466.16761 1                                                                                                                      
 BRA20 4   18106    dpb1    4.2877 0.0100  3.0 12.0 4 0  1.29e-03 earthnote 1620237468.66874 1                                                                                                                      
 BRA20 5   19071    dpb1    2.7429 0.0100  3.0 12.0 4 0  6.70e-04 earthnote 1620299539.79092 1                                                                                                                      
 BRA20 5   19072    dpb1    2.7728 0.0100  3.0 12.0 4 0  6.86e-04 earthnote 1620299538.97333 1                                                                                                                      
 BRA20 5   19073    dpb1    2.8077 0.0100  3.0 12.0 4 0  7.03e-04 earthnote 1620299538.09748 1                                                                                                                      
 BRA20 5   19074    dpb1    2.8623 0.0100  3.0 12.0 4 0  7.19e-04 earthnote 1620299536.93073 1                                                                                                                      
 BRA20 5   19075    dpb1    2.8892 0.0100  3.0 12.0 4 0  7.32e-04 earthnote 1620299543.56218 1                                                                                                                      
 BRA20 5   19076    dpb1    2.9375 0.0100  3.0 12.0 4 0  7.52e-04 earthnote 1620299547.47942 1                                                                                                                      
 BRA20 5   19077    dpb1    2.9915 0.0100  3.0 12.0 4 0  7.73e-04 earthnote 1620299518.44000 1                                                                                                                      
 BRA20 5   19078    dpb1    3.0472 0.0100  3.0 12.0 4 0  7.91e-04 earthnote 1620299513.87545 1                                                                                                                      
 BRA20 5   19079    dpb1    3.0926 0.0100  3.0 12.0 4 0  8.08e-04 earthnote 1620299515.00345 1                                                                                                                      
 BRA20 5   19080    dpb1    3.1532 0.0100  3.0 12.0 4 0  8.22e-04 earthnote 1620299508.18623 1                                                                                                                      
 BRA20 5   19081    dpb1    3.2372 0.0100  3.0 12.0 4 0  8.42e-04 earthnote 1620299509.56668 1                                                                                                                      
 BRA20 5   19082    dpb1    3.3200 0.0100  3.0 12.0 4 0  8.61e-04 earthnote 1620299504.72587 1                                                                                                                      
 BRA20 5   19083    dpb1    3.3736 0.0100  3.0 12.0 4 0  8.76e-04 earthnote 1620299503.79668 1                                                                                                                      
 BRA20 5   19084    dpb1    3.4464 0.0100  3.0 12.0 4 0  8.93e-04 earthnote 1620299502.63556 1                                                                                                                      
 BRA20 5   19085    dpb1    3.5037 0.0100  3.0 12.0 4 0  9.12e-04 earthnote 1620299550.99672 1                                                                                                                      
 BRA20 5   19086    dpb1    3.5459 0.0100  3.0 12.0 4 0  9.30e-04 earthnote 1620299499.34948 1                                                                                                                      
 BRA20 5   19087    dpb1    3.5853 0.0100  3.0 12.0 4 0  9.49e-04 earthnote 1620299500.44778 1                                                                                                                      
 BRA20 5   19088    dpb1    3.6368 0.0100  3.0 12.0 4 0  9.71e-04 earthnote 1620299498.72539 1                                                                                                                      
 BRA20 5   19089    dpb1    3.6780 0.0100  3.0 12.0 4 0  9.94e-04 earthnote 1620299498.01218 1                                                                                                                      
 BRA20 5   19090    dpb1    3.7193 0.0100  3.0 12.0 4 0  1.02e-03 earthnote 1620299497.06609 1                                                                                                                      
 BRA20 5   19091    dpb1    3.7658 0.0100  3.0 12.0 4 0  1.04e-03 earthnote 1620299496.31289 1                                                                                                                      
 BRA20 5   19092    dpb1    3.8080 0.0100  3.0 12.0 4 0  1.06e-03 earthnote 1620299495.50340 1                                                                                                                      
 BRA20 5   19093    dpb1    3.8357 0.0100  3.0 12.0 4 0  1.08e-03 earthnote 1620299494.76749 1                                                                                                                      
 BRA20 5   19094    dpb1    3.8723 0.0100  3.0 12.0 4 0  1.10e-03 earthnote 1620299493.38063 1                                                                                                                      
 BRA20 5   19095    dpb1    3.9081 0.0100  3.0 12.0 4 0  1.12e-03 earthnote 1620299492.60458 1                                                                                                                      
 BRA20 5   19096    dpb1    3.9421 0.0100  3.0 12.0 4 0  1.14e-03 earthnote 1620299491.88892 1                                                                                                                      
 BRA20 5   19097    dpb1    3.9874 0.0100  3.0 12.0 4 0  1.15e-03 earthnote 1620299490.28092 1                                                                                                                      
 BRA20 5   19098    dpb1    4.0150 0.0100  3.0 12.0 4 0  1.17e-03 earthnote 1620299488.28755 1                                                                                                                      
 BRA20 5   19099    dpb1    4.0485 0.0100  3.0 12.0 4 0  1.19e-03 earthnote 1620299487.25302 1                                                                                                                      
 BRA20 5   19100    dpb1    4.0928 0.0100  3.0 12.0 4 0  1.20e-03 earthnote 1620299486.51861 1                                                                                                                      
 BRA20 5   19101    dpb1    4.1266 0.0100  3.0 12.0 4 0  1.22e-03 earthnote 1620299482.20541 1                                                                                                                      
 BRA20 5   19102    dpb1    4.1583 0.0100  3.0 12.0 4 0  1.24e-03 earthnote 1620299483.64847 1                                                                                                                      
 BRA20 5   19103    dpb1    4.1891 0.0100  3.0 12.0 4 0  1.25e-03 earthnote 1620299480.32886 1                                                                                                                      
 BRA20 5   19104    dpb1    4.2186 0.0100  3.0 12.0 4 0  1.27e-03 earthnote 1620299436.12414 1                                                                                                                      
 BRA20 5   19105    dpb1    4.2494 0.0100  3.0 12.0 4 0  1.29e-03 earthnote 1620299434.20643 1                                                                                                                      
 BRA20 5   19106    dpb1    4.2866 0.0100  3.0 12.0 4 0  1.30e-03 earthnote 1620299427.52084 1                                                                                                                      
 BRA20 5   21079    dpb1    3.4221 0.0100  3.0 12.0 4 0  8.59e-04 earthnote 1620299826.79288 1                                                                                                                      
 BRA20 5   21080    dpb1    3.4804 0.0100  3.0 12.0 4 0  8.75e-04 earthnote 1620299827.69963 1                                                                                                                      
 BRA20 5   21081    dpb1    3.5292 0.0100  3.0 12.0 4 0  8.92e-04 earthnote 1620299828.40537 1                                                                                                                      
 BRA20 5   21082    dpb1    3.5684 0.0100  3.0 12.0 4 0  9.09e-04 earthnote 1620299829.67855 1                                                                                                                      
 BRA20 5   21083    dpb1    3.5880 0.0100  3.0 12.0 4 0  9.25e-04 earthnote 1620299830.91521 1                                                                                                                      
 BRA20 5   21084    dpb1    3.6342 0.0100  3.0 12.0 4 0  9.42e-04 earthnote 1620299831.98671 1                                                                                                                      
 BRA20 5   21085    dpb1    3.6603 0.0100  3.0 12.0 4 0  9.59e-04 earthnote 1620299833.50000 1                                                                                                                      
 BRA20 5   21086    dpb1    3.6802 0.0100  3.0 12.0 4 0  9.76e-04 earthnote 1620299834.29357 1                                                                                                                      
 BRA20 5   21087    dpb1    3.7095 0.0100  3.0 12.0 4 0  9.94e-04 earthnote 1620299835.07175 1                                                                                                                      
 BRA20 5   21088    dpb1    3.7424 0.0100  3.0 12.0 4 0  1.01e-03 earthnote 1620299843.78975 1                                                                                                                      
 BRA20 5   21089    dpb1    3.7591 0.0100  3.0 12.0 4 0  1.03e-03 earthnote 1620299840.63662 1                                                                                                                      
 BRA20 5   21090    dpb1    3.7906 0.0100  3.0 12.0 4 0  1.05e-03 earthnote 1620299877.22966 1                                                                                                                      
 BRA20 5   21091    dpb1    3.8272 0.0100  3.0 12.0 4 0  1.06e-03 earthnote 1620299875.42299 1                                                                                                                      
 BRA20 5   21092    dpb1    3.8535 0.0100  3.0 12.0 4 0  1.08e-03 earthnote 1620299849.88513 1                                                                                                                      
 BRA20 5   21093    dpb1    3.8878 0.0100  3.0 12.0 4 0  1.10e-03 earthnote 1620299850.75077 1                                                                                                                      
 BRA20 5   21094    dpb1    3.9229 0.0100  3.0 12.0 4 0  1.12e-03 earthnote 1620299851.48458 1                                                                                                                      
 BRA20 5   21095    dpb1    3.9543 0.0100  3.0 12.0 4 0  1.14e-03 earthnote 1620299852.30929 1                                                                                                                      
 BRA20 5   21096    dpb1    4.0017 0.0100  3.0 12.0 4 0  1.15e-03 earthnote 1620299853.20731 1                                                                                                                      
 BRA20 5   21097    dpb1    4.0407 0.0100  3.0 12.0 4 0  1.17e-03 earthnote 1620299854.73223 1                                                                                                                      
 BRA20 5   21098    dpb1    4.0791 0.0100  3.0 12.0 4 0  1.19e-03 earthnote 1620299855.82620 1                                                                                                                      
 BRA20 5   21099    dpb1    4.1069 0.0100  3.0 12.0 4 0  1.21e-03 earthnote 1620299856.89251 1                                                                                                                      
 BRA20 5   21100    dpb1    4.1522 0.0100  3.0 12.0 4 0  1.23e-03 earthnote 1620299868.77282 1                                                                                                                      
 BRA20 5   21101    dpb1    4.1859 0.0100  3.0 12.0 4 0  1.24e-03 earthnote 1620299860.05358 1                                                                                                                      
 BRA20 5   21102    dpb1    4.2248 0.0100  3.0 12.0 4 0  1.26e-03 earthnote 1620299861.05820 1                                                                                                                      
 BRA20 5   21103    dpb1    4.2667 0.0100  3.0 12.0 4 0  1.28e-03 earthnote 1620299861.89168 1                                                                                                                      
 BRA20 5   21104    dpb1    4.3005 0.0100  3.0 12.0 4 0  1.30e-03 earthnote 1620299862.94856 1                                                                                                                      
 BRA20 5   21105    dpb1    4.3294 0.0100  3.0 12.0 4 0  1.32e-03 earthnote 1620299863.85293 1                                                                                                                      
 BRA20 5   21106    dpb1    4.3535 0.0100  3.0 12.0 4 0  1.34e-03 earthnote 1620299864.84676 1                                                                                                                      
 BRA20 5   23073    dpb1    3.4466 0.0100  3.0 12.0 4 0  8.33e-04 earthnote 1620299784.17485 1                                                                                                                      
 BRA20 5   23074    dpb1    3.5139 0.0100  3.0 12.0 4 0  8.47e-04 earthnote 1620299783.26878 1                                                                                                                      
 BRA20 5   23075    dpb1    3.5639 0.0100  3.0 12.0 4 0  8.61e-04 earthnote 1620299782.40512 1                                                                                                                      
 BRA20 5   23076    dpb1    3.6241 0.0100  3.0 12.0 4 0  8.76e-04 earthnote 1620299781.42583 1                                                                                                                      
 BRA20 5   23077    dpb1    3.6595 0.0100  3.0 12.0 4 0  8.91e-04 earthnote 1620299780.60005 1                                                                                                                      
 BRA20 5   23078    dpb1    3.7050 0.0100  3.0 12.0 4 0  9.06e-04 earthnote 1620299779.87994 1                                                                                                                      
 BRA20 5   23079    dpb1    3.7345 0.0100  3.0 12.0 4 0  9.21e-04 earthnote 1620299778.93395 1                                                                                                                      
 BRA20 5   23080    dpb1    3.7528 0.0100  3.0 12.0 4 0  9.36e-04 earthnote 1620299778.13234 1                                                                                                                      
 BRA20 5   23081    dpb1    3.7759 0.0100  3.0 12.0 4 0  9.51e-04 earthnote 1620299787.67019 1                                                                                                                      
 BRA20 5   23082    dpb1    3.8049 0.0100  3.0 12.0 4 0  9.67e-04 earthnote 1620299788.71758 1                                                                                                                      
 BRA20 5   23083    dpb1    3.8237 0.0100  3.0 12.0 4 0  9.83e-04 earthnote 1620299790.52835 1                                                                                                                      
 BRA20 5   23084    dpb1    3.8551 0.0100  3.0 12.0 4 0  9.99e-04 earthnote 1620299791.48982 1                                                                                                                      
 BRA20 5   23085    dpb1    3.8478 0.0100  3.0 12.0 4 0  1.02e-03 earthnote 1620299772.23051 1                                                                                                                      
 BRA20 5   23086    dpb1    3.8639 0.0100  3.0 12.0 4 0  1.03e-03 earthnote 1620299771.05852 1                                                                                                                      
 BRA20 5   23087    dpb1    3.8986 0.0100  3.0 12.0 4 0  1.05e-03 earthnote 1620299769.98630 1                                                                                                                      
 BRA20 5   23088    dpb1    3.9047 0.0100  3.0 12.0 4 0  1.06e-03 earthnote 1620299765.96892 1                                                                                                                      
 BRA20 5   23089    dpb1    3.9297 0.0100  3.0 12.0 4 0  1.08e-03 earthnote 1620299764.70554 1                                                                                                                      
 BRA20 5   23090    dpb1    3.9543 0.0100  3.0 12.0 4 0  1.10e-03 earthnote 1620299763.62595 1                                                                                                                      
 BRA20 5   23091    dpb1    3.9744 0.0100  3.0 12.0 4 0  1.11e-03 earthnote 1620299762.78844 1                                                                                                                      
 BRA20 5   23092    dpb1    4.0004 0.0100  3.0 12.0 4 0  1.13e-03 earthnote 1620299761.75786 1                                                                                                                      
 BRA20 5   23093    dpb1    4.0361 0.0100  3.0 12.0 4 0  1.15e-03 earthnote 1620299760.85280 1                                                                                                                      
 BRA20 5   23094    dpb1    4.0671 0.0100  3.0 12.0 4 0  1.16e-03 earthnote 1620299757.54358 1                                                                                                                      
 BRA20 5   23095    dpb1    4.0979 0.0100  3.0 12.0 4 0  1.18e-03 earthnote 1620299759.08341 1                                                                                                                      
 BRA20 5   23096    dpb1    4.1168 0.0100  3.0 12.0 4 0  1.20e-03 earthnote 1620299754.16237 1                                                                                                                      
 BRA20 5   23097    dpb1    4.1459 0.0100  3.0 12.0 4 0  1.22e-03 earthnote 1620299754.84378 1                                                                                                                      
 BRA20 5   23098    dpb1    4.1801 0.0100  3.0 12.0 4 0  1.23e-03 earthnote 1620299753.28129 1                                                                                                                      
 BRA20 5   23099    dpb1    4.2139 0.0100  3.0 12.0 4 0  1.25e-03 earthnote 1620299752.48778 1                                                                                                                      
 BRA20 5   23100    dpb1    4.2529 0.0100  3.0 12.0 4 0  1.27e-03 earthnote 1620299751.33436 1                                                                                                                      
 BRA20 5   23101    dpb1    4.2856 0.0100  3.0 12.0 4 0  1.29e-03 earthnote 1620299750.47566 1                                                                                                                      
 BRA20 5   23102    dpb1    4.3163 0.0100  3.0 12.0 4 0  1.31e-03 earthnote 1620299749.50756 1                                                                                                                      
 BRA20 5   23103    dpb1    4.3390 0.0100  3.0 12.0 4 0  1.32e-03 earthnote 1620299748.68108 1                                                                                                                      
 BRA20 5   23104    dpb1    4.3633 0.0100  3.0 12.0 4 0  1.34e-03 earthnote 1620299747.98403 1                                                                                                                      
 BRA20 5   23105    dpb1    4.4087 0.0100  3.0 12.0 4 0  1.36e-03 earthnote 1620299798.26445 1                                                                                                                      
 BRA20 5   23106    dpb1    4.4523 0.0100  3.0 12.0 4 0  1.38e-03 earthnote 1620299796.92250 1                                                                                                                      
 BRA20 5   25084    dpb1    4.0356 0.0100  3.0 12.0 4 0  1.06e-03 earthnote 1620299682.14183 1                                                                                                                      
 BRA20 5   25085    dpb1    4.0503 0.0100  3.0 12.0 4 0  1.08e-03 earthnote 1620299683.30444 1                                                                                                                      
 BRA20 5   25086    dpb1    4.0636 0.0100  3.0 12.0 4 0  1.09e-03 earthnote 1620299684.13452 1                                                                                                                      
 BRA20 5   25087    dpb1    4.0758 0.0100  3.0 12.0 4 0  1.11e-03 earthnote 1620299686.22083 1                                                                                                                      
 BRA20 5   25088    dpb1    4.0925 0.0100  3.0 12.0 4 0  1.12e-03 earthnote 1620299688.53534 1                                                                                                                      
 BRA20 5   25089    dpb1    4.1118 0.0100  3.0 12.0 4 0  1.14e-03 earthnote 1620299691.62723 1                                                                                                                      
 BRA20 5   25090    dpb1    4.1314 0.0100  3.0 12.0 4 0  1.15e-03 earthnote 1620299692.83301 1                                                                                                                      
 BRA20 5   25091    dpb1    4.1536 0.0100  3.0 12.0 4 0  1.17e-03 earthnote 1620299693.99820 1                                                                                                                      
 BRA20 5   25092    dpb1    4.1745 0.0100  3.0 12.0 4 0  1.19e-03 earthnote 1620299721.07296 1                                                                                                                      
 BRA20 5   25093    dpb1    4.1878 0.0100  3.0 12.0 4 0  1.20e-03 earthnote 1620299698.03661 1                                                                                                                      
 BRA20 5   25094    dpb1    4.2154 0.0100  3.0 12.0 4 0  1.22e-03 earthnote 1620299698.78184 1                                                                                                                      
 BRA20 5   25095    dpb1    4.2389 0.0100  3.0 12.0 4 0  1.24e-03 earthnote 1620299699.96722 1                                                                                                                      
 BRA20 5   25096    dpb1    4.2686 0.0100  3.0 12.0 4 0  1.25e-03 earthnote 1620299700.76428 1                                                                                                                      
 BRA20 5   25097    dpb1    4.2897 0.0100  3.0 12.0 4 0  1.27e-03 earthnote 1620299701.51338 1                                                                                                                      
 BRA20 5   25098    dpb1    4.3232 0.0100  3.0 12.0 4 0  1.29e-03 earthnote 1620299702.17781 1                                                                                                                      
 BRA20 5   25099    dpb1    4.3594 0.0100  3.0 12.0 4 0  1.30e-03 earthnote 1620299702.92166 1                                                                                                                      
 BRA20 5   25100    dpb1    4.3995 0.0100  3.0 12.0 4 0  1.32e-03 earthnote 1620299703.80409 1                                                                                                                      
 BRA20 5   25101    dpb1    4.4224 0.0100  3.0 12.0 4 0  1.34e-03 earthnote 1620299704.53419 1                                                                                                                      
 BRA20 5   25102    dpb1    4.4583 0.0100  3.0 12.0 4 0  1.35e-03 earthnote 1620299705.35868 1                                                                                                                      
 BRA20 5   25103    dpb1    4.5068 0.0100  3.0 12.0 4 0  1.37e-03 earthnote 1620299710.88178 1                                                                                                                      
 BRA20 5   25104    dpb1    4.5411 0.0100  3.0 12.0 4 0  1.39e-03 earthnote 1620299707.58600 1                                                                                                                      
 BRA20 5   25105    dpb1    4.5689 0.0100  3.0 12.0 4 0  1.41e-03 earthnote 1620299709.10024 1                                                                                                                      
 BRA20 5   25106    dpb1    4.5922 0.0100  3.0 12.0 4 0  1.42e-03 earthnote 1620299709.90323 1                                                                                                                      
 BRA20 5   30002    dpb1    4.8215 0.0150  3.0 12.0 4 0  7.64e-03 earthnote 1620240394.57676 1                                                                                                                      
 BRA20 5   30003    dpb1    4.8068 0.0150  3.0 12.0 4 0  7.62e-03 earthnote 1620240391.49422 1                                                                                                                      
 BRA20 5   30004    dpb1    4.7895 0.0150  3.0 12.0 4 0  7.61e-03 earthnote 1620240392.91025 1                                                                                                                      
 BRA20 5   30005    dpb1    4.7867 0.0150  3.0 12.0 4 0  7.61e-03 earthnote 1620240389.33293 1                                                                                                                      
 BRA20 5   30006    dpb1    4.7705 0.0150  3.0 12.0 4 0  7.60e-03 earthnote 1620240350.28425 1                                                                                                                      
 BRA20 5   30007    dpb1    4.7658 0.0150  3.0 12.0 4 0  7.59e-03 earthnote 1620240351.15190 1                                                                                                                      
 BRA20 5   30008    dpb1    4.7674 0.0150  3.0 12.0 4 0  7.59e-03 earthnote 1620240351.80658 1                                                                                                                      
 BRA20 5   30009    dpb1    4.7561 0.0150  3.0 12.0 4 0  7.58e-03 earthnote 1620240398.50914 1                                                                                                                      
 BRA20 5   30010    dpb1    4.7410 0.0150  3.0 12.0 4 0  7.58e-03 earthnote 1620240355.29343 1                                                                                                                      
 BRA20 5   30011    dpb1    4.7306 0.0150  3.0 12.0 4 0  7.58e-03 earthnote 1620240356.35731 1                                                                                                                      
 BRA20 5   30012    dpb1    4.7167 0.0150  3.0 12.0 4 0  7.58e-03 earthnote 1620240357.47277 1                                                                                                                      
 BRA20 5   30013    dpb1    4.7111 0.0150  3.0 12.0 4 0  7.58e-03 earthnote 1620240399.87652 1                                                                                                                      
 BRA20 5   30014    dpb1    4.7035 0.0150  3.0 12.0 4 0  7.59e-03 earthnote 1620240359.43309 1                                                                                                                      
 BRA20 5   30015    dpb1    4.6919 0.0150  3.0 12.0 4 0  7.59e-03 earthnote 1620240361.15487 1                                                                                                                      
 BRA20 5   30016    dpb1    4.6962 0.0150  3.0 12.0 4 0  7.60e-03 earthnote 1620240361.95020 1                                                                                                                      
 BRA20 5   30017    dpb1    4.6953 0.0150  3.0 12.0 4 0  7.61e-03 earthnote 1620240363.08948 1                                                                                                                      
 BRA20 5   30018    dpb1    4.7012 0.0150  3.0 12.0 4 0  7.62e-03 earthnote 1620240363.76189 1                                                                                                                      
 BRA20 5   30019    dpb1    4.7085 0.0150  3.0 12.0 4 0  7.63e-03 earthnote 1620240365.28265 1                                                                                                                      
 BRA20 5   30020    dpb1    4.7055 0.0150  3.0 12.0 4 0  7.63e-03 earthnote 1620240366.03421 1                                                                                                                      
 BRA20 5   30021    dpb1    4.7042 0.0150  3.0 12.0 4 0  7.62e-03 earthnote 1620240366.64949 1                                                                                                                      
 BRA20 5   31002    dpb1    4.6971 0.0150  3.0 12.0 4 0  7.61e-03 earthnote 1620240404.15676 1                                                                                                                      
 BRA20 5   31003    dpb1    4.6790 0.0150  3.0 12.0 4 0  7.59e-03 earthnote 1620240368.38394 1                                                                                                                      
 BRA20 5   31004    dpb1    4.6697 0.0150  3.0 12.0 4 0  7.56e-03 earthnote 1620240369.31140 1                                                                                                                      
 BRA20 5   31005    dpb1    4.6550 0.0150  3.0 12.0 4 0  7.52e-03 earthnote 1620240370.03242 1                                                                                                                      
 BRA20 5   31006    dpb1    4.6417 0.0150  3.0 12.0 4 0  7.48e-03 earthnote 1620240370.75040 1                                                                                                                      
 BRA20 5   31007    dpb1    4.6419 0.0150  3.0 12.0 4 0  7.44e-03 earthnote 1620240371.61684 1                                                                                                                      
 BRA20 5   31008    dpb1    4.6367 0.0150  3.0 12.0 4 0  7.40e-03 earthnote 1620240372.51617 1                                                                                                                      
 BRA20 5   31009    dpb1    4.6249 0.0150  3.0 12.0 4 0  7.36e-03 earthnote 1620240373.31780 1                                                                                                                      
 BRA20 5   31010    dpb1    4.6131 0.0150  3.0 12.0 4 0  7.33e-03 earthnote 1620240374.06147 1                                                                                                                      
 BRA20 5   31011    dpb1    4.5996 0.0150  3.0 12.0 4 0  7.29e-03 earthnote 1620240374.79211 1                                                                                                                      
 BRA20 5   31012    dpb1    4.5788 0.0150  3.0 12.0 4 0  7.25e-03 earthnote 1620240375.57059 1                                                                                                                      
 BRA20 5   31013    dpb1    4.5597 0.0150  3.0 12.0 4 0  7.22e-03 earthnote 1620240376.45777 1                                                                                                                      
 BRA20 5   31014    dpb1    4.5587 0.0150  3.0 12.0 4 0  7.19e-03 earthnote 1620240377.45489 1                                                                                                                      
 BRA20 5   31015    dpb1    4.5640 0.0150  3.0 12.0 4 0  7.17e-03 earthnote 1620240383.15116 1                                                                                                                      
 BRA20 5   31016    dpb1    4.5608 0.0150  3.0 12.0 4 0  7.15e-03 earthnote 1620240384.45085 1                                                                                                                      
 BRA20 5   31017    dpb1    4.5550 0.0150  3.0 12.0 4 0  7.14e-03 earthnote 1620240386.08079 1                                                                                                                      
 BRA20 5   69001    dpb1    4.2964 0.0100  3.0 12.0 4 0  1.31e-03 earthnote 1620299429.98816 1                                                                                                                      
 BRA20 5   69002    dpb1    4.2424 0.0100  3.0 12.0 4 0  1.29e-03 earthnote 1620299424.06068 1                                                                                                                      
 BRA20 5   69003    dpb1    4.2212 0.0100  3.0 12.0 4 0  1.27e-03 earthnote 1620299435.42581 1                                                                                                                      
 BRA20 5   69004    dpb1    4.1747 0.0100  3.0 12.0 4 0  1.25e-03 earthnote 1620299436.99643 1                                                                                                                      
 BRA20 5   69005    dpb1    4.1434 0.0100  3.0 12.0 4 0  1.23e-03 earthnote 1620299587.85085 1                                                                                                                      
 BRA20 5   69006    dpb1    4.1078 0.0100  3.0 12.0 4 0  1.21e-03 earthnote 1620299588.88616 1                                                                                                                      
 BRA20 5   69007    dpb1    4.0782 0.0100  3.0 12.0 4 0  1.19e-03 earthnote 1620299590.10446 1                                                                                                                      
 BRA20 5   69008    dpb1    4.0264 0.0100  3.0 12.0 4 0  1.17e-03 earthnote 1620299591.14804 1                                                                                                                      
 BRA20 5   69009    dpb1    3.9949 0.0100  3.0 12.0 4 0  1.16e-03 earthnote 1620299591.95884 1                                                                                                                      
 BRA20 5   69010    dpb1    3.9507 0.0100  3.0 12.0 4 0  1.14e-03 earthnote 1620299592.64494 1                                                                                                                      
 BRA20 5   69011    dpb1    3.9184 0.0100  3.0 12.0 4 0  1.12e-03 earthnote 1620299593.31860 1                                                                                                                      
 BRA20 5   69012    dpb1    3.8681 0.0100  3.0 12.0 4 0  1.10e-03 earthnote 1620299594.36699 1                                                                                                                      
 BRA20 5   69013    dpb1    3.8326 0.0100  3.0 12.0 4 0  1.08e-03 earthnote 1620299595.43189 1                                                                                                                      
 BRA20 5   69014    dpb1    3.7992 0.0100  3.0 12.0 4 0  1.06e-03 earthnote 1620299596.52466 1                                                                                                                      
 BRA20 5   69015    dpb1    3.7651 0.0100  3.0 12.0 4 0  1.04e-03 earthnote 1620299597.30069 1                                                                                                                      
 BRA20 5   69016    dpb1    3.7330 0.0100  3.0 12.0 4 0  1.03e-03 earthnote 1620299598.03514 1                                                                                                                      
 BRA20 5   69017    dpb1    3.6933 0.0100  3.0 12.0 4 0  1.01e-03 earthnote 1620299598.76911 1                                                                                                                      
 BRA20 5   69018    dpb1    3.6617 0.0100  3.0 12.0 4 0  9.90e-04 earthnote 1620299600.60027 1                                                                                                                      
 BRA20 5   69019    dpb1    3.6102 0.0100  3.0 12.0 4 0  9.71e-04 earthnote 1620299601.66648 1                                                                                                                      
 BRA20 5   69020    dpb1    3.5948 0.0100  3.0 12.0 4 0  9.53e-04 earthnote 1620299602.72385 1                                                                                                                      
 BRA20 5   69021    dpb1    3.5593 0.0100  3.0 12.0 4 0  9.35e-04 earthnote 1620299603.46035 1                                                                                                                      
