 BRA13 5   13001      HF    2.7844 0.0100  5.0 30.0 4 0  1.69e-03 earthnote 1620405087.08031 1                                                                                                                      
 BRA13 5   13002      HF    2.7574 0.0100  5.0 30.0 4 0  1.66e-03 earthnote 1620405088.09474 1                                                                                                                      
 BRA13 5   13003      HF    2.7299 0.0100  5.0 30.0 4 0  1.62e-03 earthnote 1620405089.17579 1                                                                                                                      
 BRA13 5   13004      HF    2.7051 0.0100  5.0 30.0 4 0  1.59e-03 earthnote 1620405098.39924 1                                                                                                                      
 BRA13 5   13005      HF    2.6784 0.0100  5.0 30.0 4 0  1.56e-03 earthnote 1620405091.38206 1                                                                                                                      
 BRA13 5   13006      HF    2.6502 0.0100  5.0 30.0 4 0  1.53e-03 earthnote 1620405092.49165 1                                                                                                                      
 BRA13 5   13007      HF    2.6291 0.0100  5.0 30.0 4 0  1.50e-03 earthnote 1620405093.31297 1                                                                                                                      
 BRA13 5   13008      HF    2.6101 0.0100  5.0 30.0 4 0  1.48e-03 earthnote 1620405094.23411 1                                                                                                                      
 BRA13 5   13009      HF    2.5830 0.0100  5.0 30.0 4 0  1.46e-03 earthnote 1620405095.40911 1                                                                                                                      
 BRA13 5   13010      HF    2.5596 0.0100  5.0 30.0 4 0  1.44e-03 earthnote 1620405096.23588 1                                                                                                                      
 BRA13 5   13011      HF    2.5385 0.0100  5.0 30.0 4 0  1.42e-03 earthnote 1620405100.49602 1                                                                                                                      
 BRA13 5   13012      HF    2.5194 0.0100  5.0 30.0 4 0  1.40e-03 earthnote 1620405101.59657 1                                                                                                                      
 BRA13 5   13013      HF    2.5003 0.0100  5.0 30.0 4 0  1.39e-03 earthnote 1620405104.62805 1                                                                                                                      
 BRA13 5   13014      HF    2.4880 0.0100  5.0 30.0 4 0  1.37e-03 earthnote 1620405103.60044 1                                                                                                                      
 BRA13 5   13015      HF    2.4693 0.0100  5.0 30.0 4 0  1.37e-03 earthnote 1620405105.99555 1                                                                                                                      
 BRA13 5   13016      HF    2.4609 0.0100  5.0 30.0 4 0  1.36e-03 earthnote 1620405107.03300 1                                                                                                                      
 BRA13 5   13017      HF    2.4564 0.0100  5.0 30.0 4 0  1.35e-03 earthnote 1620405110.07488 1                                                                                                                      
 BRA13 5   13018      HF    2.4536 0.0100  5.0 30.0 4 0  1.35e-03 earthnote 1620405110.98376 1                                                                                                                      
 BRA13 5   13019      HF    2.4471 0.0100  5.0 30.0 4 0  1.36e-03 earthnote 1620405111.92272 1                                                                                                                      
 BRA13 5   13020      HF    2.4350 0.0100  5.0 30.0 4 0  1.36e-03 earthnote 1620405113.11378 1                                                                                                                      
 BRA13 5   13021      HF    2.4390 0.0100  5.0 30.0 4 0  1.37e-03 earthnote 1620405113.94158 1                                                                                                                      
 BRA13 5   13022      HF    2.4356 0.0100  5.0 30.0 4 0  1.38e-03 earthnote 1620405114.73213 1                                                                                                                      
 BRA13 5   13023      HF    2.4445 0.0100  5.0 30.0 4 0  1.39e-03 earthnote 1620405115.83064 1                                                                                                                      
 BRA13 5   13024      HF    2.4439 0.0100  5.0 30.0 4 0  1.41e-03 earthnote 1620405116.77846 1                                                                                                                      
 BRA13 5   13025      HF    2.4601 0.0100  5.0 30.0 4 0  1.42e-03 earthnote 1620405117.55977 1                                                                                                                      
 BRA13 5   13026      HF    2.4748 0.0100  5.0 30.0 4 0  1.44e-03 earthnote 1620405118.46427 1                                                                                                                      
 BRA13 5   13027      HF    2.4922 0.0100  5.0 30.0 4 0  1.46e-03 earthnote 1620405119.46229 1                                                                                                                      
 BRA13 5   13028      HF    2.5069 0.0100  5.0 30.0 4 0  1.49e-03 earthnote 1620405121.87959 1                                                                                                                      
 BRA13 5   13029      HF    2.5213 0.0100  5.0 30.0 4 0  1.51e-03 earthnote 1620405126.40010 1                                                                                                                      
 BRA13 5   13030      HF    2.5308 0.0100  5.0 30.0 4 0  1.54e-03 earthnote 1620405124.33976 1                                                                                                                      
 BRA13 5   13031      HF    2.5388 0.0100  5.0 30.0 4 0  1.57e-03 earthnote 1620405125.25636 1                                                                                                                      
 BRA13 5   13032      HF    2.5542 0.0100  5.0 30.0 4 0  1.60e-03 earthnote 1620405128.38628 1                                                                                                                      
 BRA13 5   13033      HF    2.5721 0.0100  5.0 30.0 4 0  1.63e-03 earthnote 1620405146.03147 1                                                                                                                      
 BRA13 5   13034      HF    2.5983 0.0100  5.0 30.0 4 0  1.67e-03 earthnote 1620405130.59909 1                                                                                                                      
 BRA13 5   13035      HF    2.6193 0.0100  5.0 30.0 4 0  1.70e-03 earthnote 1620405131.61512 1                                                                                                                      
 BRA13 5   13036      HF    2.6456 0.0100  5.0 30.0 4 0  1.74e-03 earthnote 1620405148.85163 1                                                                                                                      
 BRA13 5   13037      HF    2.6575 0.0100  5.0 30.0 4 0  1.78e-03 earthnote 1620405134.40279 1                                                                                                                      
 BRA13 5   13038      HF    2.6844 0.0100  5.0 30.0 4 0  1.82e-03 earthnote 1620405143.79713 1                                                                                                                      
 BRA13 5   13039      HF    2.7064 0.0100  5.0 30.0 4 0  1.86e-03 earthnote 1620405151.23150 1                                                                                                                      
 BRA13 5   13040      HF    2.7288 0.0100  5.0 30.0 4 0  1.90e-03 earthnote 1620405155.26247 1                                                                                                                      
 BRA13 5   13041      HF    2.7593 0.0100  5.0 30.0 4 0  1.94e-03 earthnote 1620405157.70398 1                                                                                                                      
 BRA13 5   13042      HF    2.7835 0.0100  5.0 30.0 4 0  1.99e-03 earthnote 1620405158.94838 1                                                                                                                      
 BRA13 5   13043      HF    2.8109 0.0100  5.0 30.0 4 0  2.03e-03 earthnote 1620405159.69312 1                                                                                                                      
 BRA13 5   13044      HF    2.8353 0.0100  5.0 30.0 4 0  2.07e-03 earthnote 1620405160.56548 1                                                                                                                      
 BRA13 5   13045      HF    2.8534 0.0100  5.0 30.0 4 0  2.12e-03 earthnote 1620405161.73354 1                                                                                                                      
 BRA13 5   13046      HF    2.8769 0.0100  5.0 30.0 4 0  2.17e-03 earthnote 1620405162.58488 1                                                                                                                      
 BRA13 5   13047      HF    2.8978 0.0100  5.0 30.0 4 0  2.21e-03 earthnote 1620405163.39373 1                                                                                                                      
 BRA13 5   13048      HF    2.9273 0.0100  5.0 30.0 4 0  2.26e-03 earthnote 1620405164.29107 1                                                                                                                      
 BRA13 5   13049      HF    2.9541 0.0100  5.0 30.0 4 0  2.31e-03 earthnote 1620405165.20658 1                                                                                                                      
 BRA13 5   13050      HF    2.9668 0.0100  5.0 30.0 4 0  2.36e-03 earthnote 1620405166.23965 1                                                                                                                      
 BRA13 5   13051      HF    2.9797 0.0100  5.0 30.0 4 0  2.41e-03 earthnote 1620405167.38344 1                                                                                                                      
 BRA13 5   13052      HF    2.9930 0.0100  5.0 30.0 4 0  2.46e-03 earthnote 1620405168.71145 1                                                                                                                      
 BRA13 5   13053      HF    3.0034 0.0100  5.0 30.0 4 0  2.51e-03 earthnote 1620405169.82242 1                                                                                                                      
 BRA13 5   13054      HF    3.0133 0.0100  5.0 30.0 4 0  2.56e-03 earthnote 1620405171.90547 1                                                                                                                      
 BRA13 5   13055      HF    3.0296 0.0100  5.0 30.0 4 0  2.61e-03 earthnote 1620405173.22719 1                                                                                                                      
 BRA13 5   13056      HF    3.0249 0.0100  5.0 30.0 4 0  2.66e-03 earthnote 1620405175.02102 1                                                                                                                      
 BRA13 5   13057      HF    3.0279 0.0100  5.0 30.0 4 0  2.71e-03 earthnote 1620405176.03502 1                                                                                                                      
 BRA13 5   13058      HF    3.0323 0.0100  5.0 30.0 4 0  2.77e-03 earthnote 1620405177.03833 1                                                                                                                      
