 BRA15 5    1060     pgc    3.8879 0.0100  3.0 12.0 4 0  6.02e-03 earthnote 1619806554.08455 1                                                                                                                      
 BRA15 5    1061     pgc    3.8940 0.0100  3.0 12.0 4 0  6.06e-03 earthnote 1619806557.78647 1                                                                                                                      
 BRA15 5    1062     pgc    3.9201 0.0100  3.0 12.0 4 0  6.10e-03 earthnote 1619806542.08480 1                                                                                                                      
 BRA15 5    1063     pgc    3.9395 0.0100  3.0 12.0 4 0  6.15e-03 earthnote 1619806481.99829 1                                                                                                                      
 BRA15 5    1064     pgc    3.9442 0.0100  3.0 12.0 4 0  6.19e-03 earthnote 1619806535.22643 1                                                                                                                      
 BRA15 5    1065     pgc    3.9584 0.0100  3.0 12.0 4 0  6.24e-03 earthnote 1619806532.47701 1                                                                                                                      
 BRA15 5    1071     pgc    4.0789 0.0100  3.0 12.0 4 0  6.54e-03 earthnote 1619807163.91118 1                                                                                                                      
 BRA15 5    1072     pgc    4.0969 0.0100  3.0 12.0 4 0  6.59e-03 earthnote 1619807162.09229 1                                                                                                                      
 BRA15 5    1073     pgc    4.1260 0.0100  3.0 12.0 4 0  6.65e-03 earthnote 1619807158.56687 1                                                                                                                      
 BRA15 5    1074     pgc    4.1683 0.0100  3.0 12.0 4 0  6.71e-03 earthnote 1619807156.19851 1                                                                                                                      
 BRA15 5    3069     pgc    3.8532 0.0100  3.0 12.0 4 0  6.01e-03 earthnote 1619806524.47043 1                                                                                                                      
 BRA15 5    3070     pgc    3.8737 0.0100  3.0 12.0 4 0  6.07e-03 earthnote 1619806462.90441 1                                                                                                                      
 BRA15 5    3071     pgc    3.9106 0.0100  3.0 12.0 4 0  6.12e-03 earthnote 1619806464.19866 1                                                                                                                      
 BRA15 5    3072     pgc    3.9294 0.0100  3.0 12.0 4 0  6.18e-03 earthnote 1619806527.81168 1                                                                                                                      
 BRA15 5    3073     pgc    3.9589 0.0100  3.0 12.0 4 0  6.24e-03 earthnote 1619806538.24509 1                                                                                                                      
 BRA15 5    3078     pgc    4.1251 0.0100  3.0 12.0 4 0  6.55e-03 earthnote 1619807151.37283 1                                                                                                                      
 BRA15 5    3079     pgc    4.1350 0.0100  3.0 12.0 4 0  6.62e-03 earthnote 1619807154.98250 1                                                                                                                      
 BRA15 5    3080     pgc    4.1782 0.0100  3.0 12.0 4 0  6.68e-03 earthnote 1619807154.18753 1                                                                                                                      
 BRA15 5    3081     pgc    4.2082 0.0100  3.0 12.0 4 0  6.75e-03 earthnote 1619807153.21548 1                                                                                                                      
 BRA15 5    3088     pgc    4.4173 0.0100  3.0 12.0 4 0  7.24e-03 earthnote 1619807262.45122 1                                                                                                                      
 BRA15 5    5067     pgc    3.5996 0.0100  3.0 12.0 4 0  5.49e-03 earthnote 1619811228.85896 1                                                                                                                      
 BRA15 5    5076     pgc    3.8793 0.0100  3.0 12.0 4 0  6.04e-03 earthnote 1619806522.39115 1                                                                                                                      
 BRA15 5    5077     pgc    3.9218 0.0100  3.0 12.0 4 0  6.11e-03 earthnote 1619806439.78130 1                                                                                                                      
 BRA15 5    5078     pgc    3.9400 0.0100  3.0 12.0 4 0  6.18e-03 earthnote 1619806518.28504 1                                                                                                                      
 BRA15 5    5079     pgc    3.9694 0.0100  3.0 12.0 4 0  6.25e-03 earthnote 1619806516.70453 1                                                                                                                      
 BRA15 5    5083     pgc    4.1155 0.0100  3.0 12.0 4 0  6.53e-03 earthnote 1619807149.44113 1                                                                                                                      
 BRA15 5    5084     pgc    4.1384 0.0100  3.0 12.0 4 0  6.60e-03 earthnote 1619807150.42681 1                                                                                                                      
 BRA15 5    5085     pgc    4.1780 0.0100  3.0 12.0 4 0  6.67e-03 earthnote 1619807148.22360 1                                                                                                                      
 BRA15 5    5086     pgc    4.2136 0.0100  3.0 12.0 4 0  6.75e-03 earthnote 1619807145.94946 1                                                                                                                      
 BRA15 5    5090     pgc    4.3379 0.0100  3.0 12.0 4 0  7.05e-03 earthnote 1619807276.41318 1                                                                                                                      
 BRA15 5    5091     pgc    4.3814 0.0100  3.0 12.0 4 0  7.13e-03 earthnote 1619807271.14664 1                                                                                                                      
 BRA15 5    5092     pgc    4.4133 0.0100  3.0 12.0 4 0  7.20e-03 earthnote 1619807272.32028 1                                                                                                                      
 BRA15 5    7060     pgc    3.2742 0.0100  3.0 12.0 4 0  4.69e-03 earthnote 1619809678.45560 1                                                                                                                      
 BRA15 5    7061     pgc    3.2847 0.0100  3.0 12.0 4 0  4.74e-03 earthnote 1619809664.55262 1                                                                                                                      
 BRA15 5    7070     pgc    3.4506 0.0100  3.0 12.0 4 0  5.27e-03 earthnote 1619811223.25317 1                                                                                                                      
 BRA15 5    7071     pgc    3.5067 0.0100  3.0 12.0 4 0  5.34e-03 earthnote 1619811231.11513 1                                                                                                                      
 BRA15 5    7072     pgc    3.4896 0.0100  3.0 12.0 4 0  5.40e-03 earthnote 1619811224.32689 1                                                                                                                      
 BRA15 5    7073     pgc    3.5719 0.0100  3.0 12.0 4 0  5.47e-03 earthnote 1619811195.66912 1                                                                                                                      
 BRA15 5    7075     pgc    3.6858 0.0100  3.0 12.0 4 0  5.61e-03 earthnote 1619812175.25735 1                                                                                                                      
 BRA15 5    7076     pgc    3.6970 0.0100  3.0 12.0 4 0  5.68e-03 earthnote 1619812174.33533 1                                                                                                                      
 BRA15 5    7077     pgc    3.7253 0.0100  3.0 12.0 4 0  5.75e-03 earthnote 1619812173.42794 1                                                                                                                      
 BRA15 5    9055     pgc    2.9992 0.0100  3.0 12.0 4 0  4.00e-03 earthnote 1619810991.16932 1                                                                                                                      
 BRA15 5    9064     pgc    3.0203 0.0100  3.0 12.0 4 0  4.50e-03 earthnote 1619809661.70144 1                                                                                                                      
 BRA15 5    9065     pgc    3.0461 0.0100  3.0 12.0 4 0  4.57e-03 earthnote 1619809660.84531 1                                                                                                                      
 BRA15 5    9066     pgc    3.0457 0.0100  3.0 12.0 4 0  4.63e-03 earthnote 1619809660.28847 1                                                                                                                      
 BRA15 5    9067     pgc    3.0449 0.0100  3.0 12.0 4 0  4.70e-03 earthnote 1619809658.89277 1                                                                                                                      
 BRA15 5    9075     pgc    3.2793 0.0100  3.0 12.0 4 0  5.26e-03 earthnote 1619811263.31932 1                                                                                                                      
 BRA15 5    9076     pgc    3.3375 0.0100  3.0 12.0 4 0  5.33e-03 earthnote 1619811261.74439 1                                                                                                                      
 BRA15 5    9077     pgc    3.3780 0.0100  3.0 12.0 4 0  5.41e-03 earthnote 1619811205.67468 1                                                                                                                      
 BRA15 5    9078     pgc    3.4185 0.0100  3.0 12.0 4 0  5.49e-03 earthnote 1619811205.00987 1                                                                                                                      
 BRA15 5    9097     pgc    4.4086 0.0100  3.0 12.0 4 0  7.05e-03 earthnote 1619807275.09688 1                                                                                                                      
 BRA15 5   10067     pgc    2.8736 0.0100  3.0 12.0 4 0  4.50e-03 earthnote 1619809659.49468 1                                                                                                                      
 BRA15 5   10068     pgc    2.9061 0.0100  3.0 12.0 4 0  4.58e-03 earthnote 1619809656.32659 1                                                                                                                      
 BRA15 5   10069     pgc    2.9235 0.0100  3.0 12.0 4 0  4.65e-03 earthnote 1619809657.33191 1                                                                                                                      
 BRA15 5   10070     pgc    2.9495 0.0100  3.0 12.0 4 0  4.72e-03 earthnote 1619809658.15722 1                                                                                                                      
 BRA15 5   10074     pgc    3.1068 0.0100  3.0 12.0 4 0  5.01e-03 earthnote 1619810899.17616 1                                                                                                                      
 BRA15 5   10075     pgc    3.1589 0.0100  3.0 12.0 4 0  5.09e-03 earthnote 1619810899.73473 1                                                                                                                      
 BRA15 5   10078     pgc    3.3172 0.0100  3.0 12.0 4 0  5.33e-03 earthnote 1619811260.21967 1                                                                                                                      
 BRA15 5   10079     pgc    3.3760 0.0100  3.0 12.0 4 0  5.40e-03 earthnote 1619811261.11076 1                                                                                                                      
 BRA15 5   11063     pgc    2.7280 0.0100  3.0 12.0 4 0  4.06e-03 earthnote 1619810978.19875 1                                                                                                                      
 BRA15 5   11064     pgc    2.7379 0.0100  3.0 12.0 4 0  4.13e-03 earthnote 1619810980.42738 1                                                                                                                      
 BRA15 5   11065     pgc    2.7499 0.0100  3.0 12.0 4 0  4.19e-03 earthnote 1619810982.12342 1                                                                                                                      
 BRA15 5   11070     pgc    2.8547 0.0100  3.0 12.0 4 0  4.56e-03 earthnote 1619809646.77305 1                                                                                                                      
 BRA15 5   11071     pgc    2.9020 0.0100  3.0 12.0 4 0  4.63e-03 earthnote 1619809653.77449 1                                                                                                                      
 BRA15 5   11072     pgc    2.9495 0.0100  3.0 12.0 4 0  4.71e-03 earthnote 1619809654.85237 1                                                                                                                      
 BRA15 5   11079     pgc    3.3337 0.0100  3.0 12.0 4 0  5.26e-03 earthnote 1619811252.67007 1                                                                                                                      
 BRA15 5   11080     pgc    3.3800 0.0100  3.0 12.0 4 0  5.35e-03 earthnote 1619811242.71325 1                                                                                                                      
 BRA15 5   12065     pgc    2.7071 0.0100  3.0 12.0 4 0  4.02e-03 earthnote 1619811020.38406 1                                                                                                                      
 BRA15 5   12066     pgc    2.7398 0.0100  3.0 12.0 4 0  4.09e-03 earthnote 1619812706.45810 1                                                                                                                      
 BRA15 5   12067     pgc    2.7617 0.0100  3.0 12.0 4 0  4.16e-03 earthnote 1619810984.79090 1                                                                                                                      
 BRA15 5   12068     pgc    2.8061 0.0100  3.0 12.0 4 0  4.24e-03 earthnote 1619810987.46055 1                                                                                                                      
 BRA15 5   12069     pgc    2.8216 0.0100  3.0 12.0 4 0  4.31e-03 earthnote 1619811089.40408 1                                                                                                                      
 BRA15 5   12072     pgc    2.9145 0.0100  3.0 12.0 4 0  4.55e-03 earthnote 1619809642.23964 1                                                                                                                      
 BRA15 5   12073     pgc    2.9609 0.0100  3.0 12.0 4 0  4.63e-03 earthnote 1619809640.78753 1                                                                                                                      
 BRA15 5   12074     pgc    2.9332 0.0100  3.0 12.0 4 0  4.71e-03 earthnote 1619809645.58693 1                                                                                                                      
 BRA15 5   12076     pgc    3.0833 0.0100  3.0 12.0 4 0  1.95e-03 earthnote 1619810801.21570 1                                                                                                                      
 BRA15 5   12077     pgc    3.1567 0.0100  3.0 12.0 4 0  1.98e-03 earthnote 1619810811.26781 1                                                                                                                      
 BRA15 5   12078     pgc    3.2043 0.0100  3.0 12.0 4 0  5.04e-03 earthnote 1619810902.58600 1                                                                                                                      
 BRA15 5   12079     pgc    3.2571 0.0100  3.0 12.0 4 0  5.12e-03 earthnote 1619810903.93994 1                                                                                                                      
 BRA15 5   12080     pgc    3.2992 0.0100  3.0 12.0 4 0  5.20e-03 earthnote 1619810905.54382 1                                                                                                                      
 BRA15 5   12081     pgc    3.3840 0.0100  3.0 12.0 4 0  5.29e-03 earthnote 1619811248.01536 1                                                                                                                      
 BRA15 5   12082     pgc    3.4427 0.0100  3.0 12.0 4 0  5.38e-03 earthnote 1619811249.48248 1                                                                                                                      
 BRA15 5   12083     pgc    3.4987 0.0100  3.0 12.0 4 0  5.46e-03 earthnote 1619811251.37105 1                                                                                                                      
 BRA15 5   13067     pgc    2.8031 0.0100  3.0 12.0 4 0  4.00e-03 earthnote 1619811022.61804 1                                                                                                                      
 BRA15 5   13068     pgc    2.8746 0.0100  3.0 12.0 4 0  4.08e-03 earthnote 1619811018.47418 1                                                                                                                      
 BRA15 5   13069     pgc    2.9234 0.0100  3.0 12.0 4 0  4.16e-03 earthnote 1619811008.84986 1                                                                                                                      
 BRA15 5   13070     pgc    2.9347 0.0100  3.0 12.0 4 0  4.24e-03 earthnote 1619811013.67971 1                                                                                                                      
 BRA15 5   13071     pgc    2.9424 0.0100  3.0 12.0 4 0  4.32e-03 earthnote 1619811087.82970 1                                                                                                                      
 BRA15 5   13072     pgc    2.9639 0.0100  3.0 12.0 4 0  4.40e-03 earthnote 1619811075.68512 1                                                                                                                      
 BRA15 5   13073     pgc    2.9478 0.0100  3.0 12.0 4 0  4.49e-03 earthnote 1619811076.29849 1                                                                                                                      
 BRA15 5   13074     pgc    3.0359 0.0100  3.0 12.0 4 0  4.57e-03 earthnote 1619809632.82182 1                                                                                                                      
 BRA15 5   13075     pgc    3.0565 0.0100  3.0 12.0 4 0  4.65e-03 earthnote 1619809633.66541 1                                                                                                                      
 BRA15 5   13076     pgc    3.0629 0.0100  3.0 12.0 4 0  4.74e-03 earthnote 1619809631.54654 1                                                                                                                      
 BRA15 5   13077     pgc    3.1011 0.0100  3.0 12.0 4 0  1.93e-03 earthnote 1619810812.85051 1                                                                                                                      
 BRA15 5   13078     pgc    3.1504 0.0100  3.0 12.0 4 0  1.96e-03 earthnote 1619810804.80576 1                                                                                                                      
 BRA15 5   13079     pgc    3.1809 0.0100  3.0 12.0 4 0  2.00e-03 earthnote 1619810798.17345 1                                                                                                                      
 BRA15 5   13080     pgc    3.2222 0.0100  3.0 12.0 4 0  5.08e-03 earthnote 1619810887.58428 1                                                                                                                      
 BRA15 5   13081     pgc    3.2727 0.0100  3.0 12.0 4 0  5.17e-03 earthnote 1619810888.33001 1                                                                                                                      
 BRA15 5   13082     pgc    3.3523 0.0100  3.0 12.0 4 0  5.26e-03 earthnote 1619811163.90135 1                                                                                                                      
 BRA15 5   13083     pgc    3.4357 0.0100  3.0 12.0 4 0  5.34e-03 earthnote 1619811164.70260 1                                                                                                                      
 BRA15 5   13084     pgc    3.5044 0.0100  3.0 12.0 4 0  5.43e-03 earthnote 1619811166.02587 1                                                                                                                      
 BRA15 5   14069     pgc    2.9498 0.0100  3.0 12.0 4 0  4.01e-03 earthnote 1619811017.52424 1                                                                                                                      
 BRA15 5   14070     pgc    3.0181 0.0100  3.0 12.0 4 0  4.09e-03 earthnote 1619810956.43438 1                                                                                                                      
 BRA15 5   14071     pgc    3.0485 0.0100  3.0 12.0 4 0  4.18e-03 earthnote 1619810954.97579 1                                                                                                                      
 BRA15 5   14072     pgc    2.9913 0.0100  3.0 12.0 4 0  4.26e-03 earthnote 1619811083.95943 1                                                                                                                      
 BRA15 5   14073     pgc    2.9988 0.0100  3.0 12.0 4 0  4.35e-03 earthnote 1619811073.02097 1                                                                                                                      
 BRA15 5   14074     pgc    2.9871 0.0100  3.0 12.0 4 0  4.43e-03 earthnote 1619811073.69681 1                                                                                                                      
 BRA15 5   14075     pgc    3.0122 0.0100  3.0 12.0 4 0  4.52e-03 earthnote 1619809630.31224 1                                                                                                                      
 BRA15 5   14076     pgc    2.9969 0.0100  3.0 12.0 4 0  4.61e-03 earthnote 1619809629.34111 1                                                                                                                      
 BRA15 5   14077     pgc    3.0074 0.0100  3.0 12.0 4 0  4.69e-03 earthnote 1619809628.57119 1                                                                                                                      
 BRA15 5   14078     pgc    3.0666 0.0100  3.0 12.0 4 0  1.91e-03 earthnote 1619810806.56939 1                                                                                                                      
 BRA15 5   14079     pgc    3.1065 0.0100  3.0 12.0 4 0  1.95e-03 earthnote 1619810795.68192 1                                                                                                                      
 BRA15 5   14080     pgc    3.1610 0.0100  3.0 12.0 4 0  1.98e-03 earthnote 1619810794.90763 1                                                                                                                      
 BRA15 5   14081     pgc    3.2242 0.0100  3.0 12.0 4 0  5.05e-03 earthnote 1619810904.67881 1                                                                                                                      
 BRA15 5   14082     pgc    3.2839 0.0100  3.0 12.0 4 0  5.14e-03 earthnote 1619810886.03885 1                                                                                                                      
 BRA15 5   14083     pgc    3.3527 0.0100  3.0 12.0 4 0  5.23e-03 earthnote 1619810885.18026 1                                                                                                                      
 BRA15 5   14084     pgc    3.4200 0.0100  3.0 12.0 4 0  5.32e-03 earthnote 1619811161.85890 1                                                                                                                      
 BRA15 5   14085     pgc    3.4922 0.0100  3.0 12.0 4 0  5.41e-03 earthnote 1619811168.90180 1                                                                                                                      
 BRA15 5   14086     pgc    3.5826 0.0100  3.0 12.0 4 0  5.50e-03 earthnote 1619811159.08190 1                                                                                                                      
 BRA15 5   15071     pgc    2.9699 0.0100  3.0 12.0 4 0  4.05e-03 earthnote 1619810997.45806 1                                                                                                                      
 BRA15 5   15072     pgc    2.9477 0.0100  3.0 12.0 4 0  4.14e-03 earthnote 1619810999.28572 1                                                                                                                      
 BRA15 5   15073     pgc    2.9562 0.0100  3.0 12.0 4 0  4.22e-03 earthnote 1619810961.22600 1                                                                                                                      
 BRA15 5   15074     pgc    2.9486 0.0100  3.0 12.0 4 0  4.31e-03 earthnote 1619811096.76013 1                                                                                                                      
 BRA15 5   15075     pgc    2.9553 0.0100  3.0 12.0 4 0  4.40e-03 earthnote 1619811072.12300 1                                                                                                                      
 BRA15 5   15076     pgc    2.9550 0.0100  3.0 12.0 4 0  4.49e-03 earthnote 1619811074.67053 1                                                                                                                      
 BRA15 5   15077     pgc    2.9443 0.0100  3.0 12.0 4 0  4.58e-03 earthnote 1619809626.55085 1                                                                                                                      
 BRA15 5   15078     pgc    2.9847 0.0100  3.0 12.0 4 0  4.67e-03 earthnote 1619809627.60979 1                                                                                                                      
 BRA15 5   15079     pgc    3.0517 0.0100  3.0 12.0 4 0  1.90e-03 earthnote 1619810794.00029 1                                                                                                                      
 BRA15 5   15080     pgc    3.1058 0.0100  3.0 12.0 4 0  1.94e-03 earthnote 1619810793.27809 1                                                                                                                      
 BRA15 5   15081     pgc    3.1626 0.0100  3.0 12.0 4 0  1.98e-03 earthnote 1619810792.12515 1                                                                                                                      
 BRA15 5   15082     pgc    3.2195 0.0100  3.0 12.0 4 0  5.03e-03 earthnote 1619810882.78592 1                                                                                                                      
 BRA15 5   15083     pgc    3.2951 0.0100  3.0 12.0 4 0  5.12e-03 earthnote 1619810883.63588 1                                                                                                                      
 BRA15 5   15084     pgc    3.3682 0.0100  3.0 12.0 4 0  5.22e-03 earthnote 1619810884.46203 1                                                                                                                      
 BRA15 5   15085     pgc    3.4214 0.0100  3.0 12.0 4 0  5.31e-03 earthnote 1619811155.66883 1                                                                                                                      
 BRA15 5   15086     pgc    3.4978 0.0100  3.0 12.0 4 0  5.40e-03 earthnote 1619811156.59548 1                                                                                                                      
 BRA15 5   15087     pgc    3.5744 0.0100  3.0 12.0 4 0  5.49e-03 earthnote 1619811157.71056 1                                                                                                                      
 BRA15 5   16073     pgc    2.8504 0.0100  3.0 12.0 4 0  4.11e-03 earthnote 1619810951.53121 1                                                                                                                      
 BRA15 5   16074     pgc    2.8530 0.0100  3.0 12.0 4 0  4.20e-03 earthnote 1619810952.50174 1                                                                                                                      
 BRA15 5   16075     pgc    2.8812 0.0100  3.0 12.0 4 0  4.29e-03 earthnote 1619811064.58431 1                                                                                                                      
 BRA15 5   16076     pgc    2.8906 0.0100  3.0 12.0 4 0  4.38e-03 earthnote 1619811099.67798 1                                                                                                                      
 BRA15 5   16077     pgc    2.9312 0.0100  3.0 12.0 4 0  4.48e-03 earthnote 1619811098.55603 1                                                                                                                      
 BRA15 5   16078     pgc    2.9614 0.0100  3.0 12.0 4 0  4.57e-03 earthnote 1619809625.63378 1                                                                                                                      
 BRA15 5   16079     pgc    2.9931 0.0100  3.0 12.0 4 0  4.66e-03 earthnote 1619809624.78217 1                                                                                                                      
 BRA15 5   16080     pgc    3.0611 0.0100  3.0 12.0 4 0  1.90e-03 earthnote 1619810790.74214 1                                                                                                                      
 BRA15 5   16081     pgc    3.1019 0.0100  3.0 12.0 4 0  1.94e-03 earthnote 1619810789.59585 1                                                                                                                      
 BRA15 5   16082     pgc    3.1635 0.0100  3.0 12.0 4 0  1.98e-03 earthnote 1619810787.22222 1                                                                                                                      
 BRA15 5   16083     pgc    3.2565 0.0100  3.0 12.0 4 0  5.03e-03 earthnote 1619810881.84952 1                                                                                                                      
 BRA15 5   16084     pgc    3.3193 0.0100  3.0 12.0 4 0  5.13e-03 earthnote 1619810880.47904 1                                                                                                                      
 BRA15 5   16085     pgc    3.3750 0.0100  3.0 12.0 4 0  5.22e-03 earthnote 1619810879.51648 1                                                                                                                      
 BRA15 5   16086     pgc    3.4395 0.0100  3.0 12.0 4 0  5.31e-03 earthnote 1619811154.50795 1                                                                                                                      
 BRA15 5   16087     pgc    3.4953 0.0100  3.0 12.0 4 0  5.41e-03 earthnote 1619811153.86588 1                                                                                                                      
 BRA15 5   16088     pgc    3.5782 0.0100  3.0 12.0 4 0  5.50e-03 earthnote 1619812179.13756 1                                                                                                                      
 BRA15 5   16089     pgc    3.6132 0.0100  3.0 12.0 4 0  5.60e-03 earthnote 1619812179.95852 1                                                                                                                      
 BRA15 5   16090     pgc    3.6624 0.0100  3.0 12.0 4 0  5.69e-03 earthnote 1619812180.62521 1                                                                                                                      
 BRA15 5   17100     pgc    4.0357 0.0100  3.0 12.0 4 0  6.59e-03 earthnote 1619807103.60256 1                                                                                                                      
 BRA15 5   17101     pgc    4.0840 0.0100  3.0 12.0 4 0  6.69e-03 earthnote 1619807104.42176 1                                                                                                                      
 BRA15 5   17105     pgc    4.2547 0.0100  3.0 12.0 4 0  7.08e-03 earthnote 1619807307.66415 1                                                                                                                      
 BRA15 5   17106     pgc    4.2859 0.0100  3.0 12.0 4 0  7.18e-03 earthnote 1619807308.62926 1                                                                                                                      
 BRA15 5   18100     pgc    4.0143 0.0100  3.0 12.0 4 0  6.54e-03 earthnote 1619807105.79371 1                                                                                                                      
 BRA15 5   18101     pgc    4.0510 0.0100  3.0 12.0 4 0  6.63e-03 earthnote 1619807123.76299 1                                                                                                                      
 BRA15 5   18102     pgc    4.0936 0.0100  3.0 12.0 4 0  6.73e-03 earthnote 1619807125.87630 1                                                                                                                      
 BRA15 5   18105     pgc    4.2254 0.0100  3.0 12.0 4 0  7.03e-03 earthnote 1619807306.90918 1                                                                                                                      
 BRA15 5   18106     pgc    4.2748 0.0100  3.0 12.0 4 0  7.13e-03 earthnote 1619807306.13927 1                                                                                                                      
 BRA15 5   19088     pgc    2.8888 0.0100  3.0 12.0 4 0  5.30e-03 earthnote 1619811218.51028 1                                                                                                                      
 BRA15 5   19101     pgc    4.0236 0.0100  3.0 12.0 4 0  6.57e-03 earthnote 1619807130.21321 1                                                                                                                      
 BRA15 5   19102     pgc    4.0657 0.0100  3.0 12.0 4 0  6.67e-03 earthnote 1619807131.48491 1                                                                                                                      
 BRA15 5   19106     pgc    4.2124 0.0100  3.0 12.0 4 0  7.08e-03 earthnote 1619807368.25315 1                                                                                                                      
 BRA15 5   21101     pgc    4.0208 0.0100  3.0 12.0 4 0  6.53e-03 earthnote 1619807128.65032 1                                                                                                                      
 BRA15 5   21102     pgc    4.0646 0.0100  3.0 12.0 4 0  6.63e-03 earthnote 1619807133.38763 1                                                                                                                      
 BRA15 5   21103     pgc    4.1043 0.0100  3.0 12.0 4 0  6.73e-03 earthnote 1619807134.11449 1                                                                                                                      
 BRA15 5   21106     pgc    4.2194 0.0100  3.0 12.0 4 0  7.03e-03 earthnote 1619807431.59200 1                                                                                                                      
 BRA15 5   23101     pgc    4.0702 0.0100  3.0 12.0 4 0  6.51e-03 earthnote 1619807139.18950 1                                                                                                                      
 BRA15 5   23102     pgc    4.1063 0.0100  3.0 12.0 4 0  6.61e-03 earthnote 1619807135.64128 1                                                                                                                      
 BRA15 5   23103     pgc    4.1475 0.0100  3.0 12.0 4 0  6.71e-03 earthnote 1619807134.92398 1                                                                                                                      
 BRA15 5   23106     pgc    4.2750 0.0100  3.0 12.0 4 0  7.01e-03 earthnote 1619807384.78111 1                                                                                                                      
 BRA15 5   25101     pgc    4.0726 0.0100  3.0 12.0 4 0  6.53e-03 earthnote 1619807137.95272 1                                                                                                                      
 BRA15 5   25102     pgc    4.1106 0.0100  3.0 12.0 4 0  6.63e-03 earthnote 1619807137.18611 1                                                                                                                      
 BRA15 5   25103     pgc    4.1622 0.0100  3.0 12.0 4 0  6.73e-03 earthnote 1619807136.34774 1                                                                                                                      
 BRA15 5   25106     pgc    4.2819 0.0100  3.0 12.0 4 0  7.03e-03 earthnote 1619807363.18651 1                                                                                                                      
 BRA15 5   27106     pgc    4.3278 0.0100  3.0 12.0 4 0  7.08e-03 earthnote 1619807364.28554 1                                                                                                                      
 BRA15 5   29105     pgc    4.3439 0.0100  3.0 12.0 4 0  7.07e-03 earthnote 1619807382.40103 1                                                                                                                      
 BRA15 5   29106     pgc    4.3726 0.0100  3.0 12.0 4 0  7.17e-03 earthnote 1619807390.79610 1                                                                                                                      
 BRA15 5   36024     pgc    4.3608 0.0100  3.0 12.0 4 0  7.25e-03 earthnote 1619807345.98127 1                                                                                                                      
 BRA15 5   36025     pgc    4.3386 0.0100  3.0 12.0 4 0  7.24e-03 earthnote 1619807423.02347 1                                                                                                                      
 BRA15 5   36026     pgc    4.3321 0.0100  3.0 12.0 4 0  7.24e-03 earthnote 1619807423.75069 1                                                                                                                      
 BRA15 5   36027     pgc    4.3295 0.0100  3.0 12.0 4 0  7.23e-03 earthnote 1619807344.12220 1                                                                                                                      
 BRA15 5   36028     pgc    4.3224 0.0100  3.0 12.0 4 0  7.23e-03 earthnote 1619807345.27431 1                                                                                                                      
 BRA15 5   36029     pgc    4.2943 0.0100  3.0 12.0 4 0  7.23e-03 earthnote 1619807420.44047 1                                                                                                                      
 BRA15 5   36030     pgc    4.2906 0.0100  3.0 12.0 4 0  7.24e-03 earthnote 1619807405.98819 1                                                                                                                      
 BRA15 5   36031     pgc    4.2891 0.0100  3.0 12.0 4 0  7.24e-03 earthnote 1619807401.55665 1                                                                                                                      
 BRA15 5   36032     pgc    4.2900 0.0100  3.0 12.0 4 0  7.25e-03 earthnote 1619807402.73572 1                                                                                                                      
 BRA15 5   69001     pgc    4.2417 0.0100  3.0 12.0 4 0  7.11e-03 earthnote 1619807305.46580 1                                                                                                                      
 BRA15 5   69002     pgc    4.1874 0.0100  3.0 12.0 4 0  7.01e-03 earthnote 1619807369.67940 1                                                                                                                      
 BRA15 5   69005     pgc    4.0882 0.0100  3.0 12.0 4 0  6.71e-03 earthnote 1619807126.65458 1                                                                                                                      
 BRA15 5   69006     pgc    4.0425 0.0100  3.0 12.0 4 0  6.61e-03 earthnote 1619807127.55350 1                                                                                                                      
 BRA15 5   69007     pgc    3.9967 0.0100  3.0 12.0 4 0  6.51e-03 earthnote 1619807132.36088 1                                                                                                                      
