 BRA27 4    1062      Pg    2.5804 0.0100  5.0 30.0 4 0  2.38e-03 earthnote 1598920068.37229 1                                                                                                                      
 BRA27 4    1063      Pg    2.5397 0.0100  5.0 30.0 4 0  2.31e-03 earthnote 1598920061.92036 1                                                                                                                      
 BRA27 4    1064      Pg    2.5126 0.0100  5.0 30.0 4 0  2.25e-03 earthnote 1598920064.56145 1                                                                                                                      
 BRA27 4    1065      Pg    2.4802 0.0100  5.0 30.0 4 0  2.19e-03 earthnote 1598919989.13386 1                                                                                                                      
 BRA27 4    1066      Pg    2.4700 0.0100  5.0 30.0 4 0  2.13e-03 earthnote 1598919988.09149 1                                                                                                                      
 BRA27 4    1067      Pg    2.4546 0.0100  5.0 30.0 4 0  2.08e-03 earthnote 1598919964.19869 1                                                                                                                      
 BRA27 4    1068      Pg    2.4347 0.0100  5.0 30.0 4 0  2.03e-03 earthnote 1598919963.12496 1                                                                                                                      
 BRA27 4    1069      Pg    2.4305 0.0100  5.0 30.0 4 0  1.98e-03 earthnote 1598919961.97292 1                                                                                                                      
 BRA27 4    1070      Pg    2.4182 0.0100  5.0 30.0 4 0  1.94e-03 earthnote 1598919960.82735 1                                                                                                                      
 BRA27 4    1071      Pg    2.4090 0.0100  5.0 30.0 4 0  1.90e-03 earthnote 1598919959.94653 1                                                                                                                      
 BRA27 4    1072      Pg    2.3761 0.0100  5.0 30.0 4 0  1.86e-03 earthnote 1598919958.94263 1                                                                                                                      
 BRA27 4    1073      Pg    2.3547 0.0100  5.0 30.0 4 0  1.83e-03 earthnote 1598919977.43811 1                                                                                                                      
 BRA27 4    1074      Pg    2.3352 0.0100  5.0 30.0 4 0  1.81e-03 earthnote 1598919996.22578 1                                                                                                                      
 BRA27 4    1075      Pg    2.3165 0.0100  5.0 30.0 4 0  1.79e-03 earthnote 1598919997.25869 1                                                                                                                      
 BRA27 4    1076      Pg    2.3170 0.0100  5.0 30.0 4 0  1.78e-03 earthnote 1598919998.61202 1                                                                                                                      
 BRA27 4    1077      Pg    2.3193 0.0100  5.0 30.0 4 0  1.77e-03 earthnote 1598920000.05111 1                                                                                                                      
 BRA27 4    1078      Pg    2.3106 0.0100  5.0 30.0 4 0  1.76e-03 earthnote 1598920000.98917 1                                                                                                                      
 BRA27 4    1079      Pg    2.3071 0.0100  5.0 30.0 4 0  1.77e-03 earthnote 1598920001.76513 1                                                                                                                      
 BRA27 4    1080      Pg    2.3232 0.0100  5.0 30.0 4 0  1.78e-03 earthnote 1598920002.59853 1                                                                                                                      
 BRA27 4    1081      Pg    2.3325 0.0100  5.0 30.0 4 0  1.79e-03 earthnote 1598920003.42962 1                                                                                                                      
 BRA27 4    1082      Pg    2.3485 0.0100  5.0 30.0 4 0  1.81e-03 earthnote 1598920004.66276 1                                                                                                                      
 BRA27 4    1083      Pg    2.3617 0.0100  5.0 30.0 4 0  1.84e-03 earthnote 1598920005.77532 1                                                                                                                      
 BRA27 4    1084      Pg    2.3829 0.0100  5.0 30.0 4 0  1.87e-03 earthnote 1598920007.60302 1                                                                                                                      
 BRA27 4    1085      Pg    2.3975 0.0100  5.0 30.0 4 0  1.90e-03 earthnote 1598920008.64174 1                                                                                                                      
 BRA27 4    1086      Pg    2.4130 0.0100  5.0 30.0 4 0  1.94e-03 earthnote 1598920009.50591 1                                                                                                                      
 BRA27 4    3064      Pg    2.3001 0.0100  5.0 30.0 4 0  3.77e-04 earthnote 1598920307.64094 1                                                                                                                      
 BRA27 4    3065      Pg    2.2751 0.0100  5.0 30.0 4 0  3.62e-04 earthnote 1598920225.33863 1                                                                                                                      
 BRA27 4    3066      Pg    2.2438 0.0100  5.0 30.0 4 0  1.74e-03 earthnote 1598920125.11587 1                                                                                                                      
 BRA27 4    3067      Pg    2.2271 0.0100  5.0 30.0 4 0  3.35e-04 earthnote 1598920184.28841 1                                                                                                                      
 BRA27 4    3068      Pg    2.2029 0.0100  5.0 30.0 4 0  3.22e-04 earthnote 1598920182.99951 1                                                                                                                      
 BRA27 4    3069      Pg    2.1829 0.0100  5.0 30.0 4 0  3.10e-04 earthnote 1598920181.54967 1                                                                                                                      
 BRA27 4    3070      Pg    2.1529 0.0100  5.0 30.0 4 0  2.99e-04 earthnote 1598920180.68543 1                                                                                                                      
 BRA27 4    3071      Pg    2.1153 0.0100  5.0 30.0 4 0  2.89e-04 earthnote 1598920178.37121 1                                                                                                                      
 BRA27 4    3072      Pg    2.0956 0.0100  5.0 30.0 4 0  2.80e-04 earthnote 1598920176.89996 1                                                                                                                      
 BRA27 4    3073      Pg    2.0772 0.0100  5.0 30.0 4 0  2.72e-04 earthnote 1598920229.74961 1                                                                                                                      
 BRA27 4    3074      Pg    2.0630 0.0100  5.0 30.0 4 0  2.65e-04 earthnote 1598920232.87397 1                                                                                                                      
 BRA27 4    3075      Pg    2.0261 0.0100  5.0 30.0 4 0  2.60e-04 earthnote 1598920172.80290 1                                                                                                                      
 BRA27 4    3076      Pg    2.0050 0.0100  5.0 30.0 4 0  2.56e-04 earthnote 1598920237.68950 1                                                                                                                      
 BRA27 4    3077      Pg    2.0005 0.0100  5.0 30.0 4 0  2.54e-04 earthnote 1598920174.49143 1                                                                                                                      
 BRA27 4    3078      Pg    1.9972 0.0100  5.0 30.0 4 0  2.53e-04 earthnote 1598920187.65536 1                                                                                                                      
 BRA27 4    3079      Pg    1.9996 0.0100  5.0 30.0 4 0  2.54e-04 earthnote 1598920188.89835 1                                                                                                                      
 BRA27 4    3080      Pg    2.0114 0.0100  5.0 30.0 4 0  2.57e-04 earthnote 1598920190.05161 1                                                                                                                      
 BRA27 4    3081      Pg    2.0185 0.0100  5.0 30.0 4 0  2.60e-04 earthnote 1598920190.99514 1                                                                                                                      
 BRA27 4    3082      Pg    2.0314 0.0100  5.0 30.0 4 0  2.66e-04 earthnote 1598920191.86539 1                                                                                                                      
 BRA27 4    3083      Pg    2.0604 0.0100  5.0 30.0 4 0  2.73e-04 earthnote 1598920195.47195 1                                                                                                                      
 BRA27 4    3084      Pg    2.0762 0.0100  5.0 30.0 4 0  2.81e-04 earthnote 1598920197.04697 1                                                                                                                      
 BRA27 4    3085      Pg    2.0983 0.0100  5.0 30.0 4 0  2.90e-04 earthnote 1598920198.06392 1                                                                                                                      
 BRA27 4    3086      Pg    2.1235 0.0100  5.0 30.0 4 0  3.00e-04 earthnote 1598920199.32494 1                                                                                                                      
 BRA27 4    3087      Pg    2.1627 0.0100  5.0 30.0 4 0  3.12e-04 earthnote 1598920200.33706 1                                                                                                                      
 BRA27 4    3088      Pg    2.2101 0.0100  5.0 30.0 4 0  3.23e-04 earthnote 1598920202.92449 1                                                                                                                      
 BRA27 4    3089      Pg    2.2440 0.0100  5.0 30.0 4 0  3.36e-04 earthnote 1598920204.61873 1                                                                                                                      
 BRA27 4    3090      Pg    2.2808 0.0100  5.0 30.0 4 0  3.49e-04 earthnote 1598920206.06091 1                                                                                                                      
 BRA27 4    3091      Pg    2.3193 0.0100  5.0 30.0 4 0  3.63e-04 earthnote 1598920208.95661 1                                                                                                                      
 BRA27 4    3092      Pg    2.3777 0.0100  5.0 30.0 4 0  3.78e-04 earthnote 1598920210.48817 1                                                                                                                      
 BRA27 4    3093      Pg    2.4268 0.0100  5.0 30.0 4 0  3.93e-04 earthnote 1598920212.88687 1                                                                                                                      
 BRA27 4    3094      Pg    2.4866 0.0100  5.0 30.0 4 0  4.10e-04 earthnote 1598920214.31872 1                                                                                                                      
 BRA27 4    3095      Pg    2.5396 0.0100  5.0 30.0 4 0  4.28e-04 earthnote 1598920215.40859 1                                                                                                                      
 BRA27 4    3096      Pg    2.5825 0.0100  5.0 30.0 4 0  4.44e-04 earthnote 1598920217.50858 1                                                                                                                      
 BRA27 4    3097      Pg    2.6275 0.0100  5.0 30.0 4 0  4.60e-04 earthnote 1598920219.05073 1                                                                                                                      
 BRA27 4    3098      Pg    2.6904 0.0100  5.0 30.0 4 0  4.77e-04 earthnote 1598920313.65419 1                                                                                                                      
 BRA27 4    3099      Pg    2.7414 0.0100  5.0 30.0 4 0  4.94e-04 earthnote 1598920327.97484 1                                                                                                                      
 BRA27 4    3100      Pg    2.8651 0.0100  5.0 30.0 4 0  5.12e-04 earthnote 1598920311.93337 1                                                                                                                      
 BRA27 4    3101      Pg    2.9217 0.0100  5.0 30.0 4 0  5.29e-04 earthnote 1598920331.55781 1                                                                                                                      
 BRA27 4    3102      Pg    2.9678 0.0100  5.0 30.0 4 0  5.47e-04 earthnote 1598920332.54559 1                                                                                                                      
 BRA27 4    3103      Pg    3.0005 0.0100  5.0 30.0 4 0  5.65e-04 earthnote 1598920333.57848 1                                                                                                                      
 BRA27 4    3104      Pg    3.0345 0.0100  5.0 30.0 4 0  5.79e-04 earthnote 1598920334.30439 1                                                                                                                      
 BRA27 4    3105      Pg    3.0753 0.0100  5.0 30.0 4 0  5.98e-04 earthnote 1598920335.11532 1                                                                                                                      
 BRA27 4    3106      Pg    3.1181 0.0100  5.0 30.0 4 0  6.16e-04 earthnote 1598920336.34574 1                                                                                                                      
 BRA27 4    5060      Pg    2.2856 0.0100  5.0 30.0 4 0  3.90e-04 earthnote 1598920399.74247 1                                                                                                                      
 BRA27 4    5061      Pg    2.2488 0.0100  5.0 30.0 4 0  3.72e-04 earthnote 1598920398.43741 1                                                                                                                      
 BRA27 4    5062      Pg    2.2025 0.0100  5.0 30.0 4 0  3.54e-04 earthnote 1598920397.02728 1                                                                                                                      
 BRA27 4    5063      Pg    2.1534 0.0100  5.0 30.0 4 0  3.36e-04 earthnote 1598920395.16694 1                                                                                                                      
 BRA27 4    5064      Pg    2.1154 0.0100  5.0 30.0 4 0  3.18e-04 earthnote 1598920393.92272 1                                                                                                                      
 BRA27 4    5065      Pg    2.0791 0.0100  5.0 30.0 4 0  3.01e-04 earthnote 1598920392.79378 1                                                                                                                      
 BRA27 4    5066      Pg    2.0413 0.0100  5.0 30.0 4 0  2.84e-04 earthnote 1598920391.65713 1                                                                                                                      
 BRA27 4    5067      Pg    2.0058 0.0100  5.0 30.0 4 0  2.67e-04 earthnote 1598920390.02274 1                                                                                                                      
 BRA27 4    5068      Pg    1.9585 0.0100  5.0 30.0 4 0  2.51e-04 earthnote 1598920386.98208 1                                                                                                                      
 BRA27 4    5069      Pg    1.9158 0.0100  5.0 30.0 4 0  2.36e-04 earthnote 1598920388.14310 1                                                                                                                      
 BRA27 4    5070      Pg    1.8469 0.0100  5.0 30.0 4 0  2.21e-04 earthnote 1598920384.66097 1                                                                                                                      
 BRA27 4    5071      Pg    1.7852 0.0100  5.0 30.0 4 0  2.07e-04 earthnote 1598920383.61337 1                                                                                                                      
 BRA27 4    5072      Pg    1.7206 0.0100  5.0 30.0 4 0  1.94e-04 earthnote 1598920382.11740 1                                                                                                                      
 BRA27 4    5085      Pg    1.7546 0.0100  5.0 30.0 4 0  2.08e-04 earthnote 1598920402.07172 1                                                                                                                      
 BRA27 4    5086      Pg    1.7975 0.0100  5.0 30.0 4 0  2.22e-04 earthnote 1598920403.17438 1                                                                                                                      
 BRA27 4    5087      Pg    1.8505 0.0100  5.0 30.0 4 0  2.37e-04 earthnote 1598920404.21748 1                                                                                                                      
 BRA27 4    5088      Pg    1.9047 0.0100  5.0 30.0 4 0  2.53e-04 earthnote 1598920405.24812 1                                                                                                                      
 BRA27 4    5089      Pg    1.9613 0.0100  5.0 30.0 4 0  2.69e-04 earthnote 1598920406.28817 1                                                                                                                      
 BRA27 4    5090      Pg    2.0247 0.0100  5.0 30.0 4 0  2.85e-04 earthnote 1598920410.31480 1                                                                                                                      
 BRA27 4    5091      Pg    2.0841 0.0100  5.0 30.0 4 0  3.02e-04 earthnote 1598920411.72321 1                                                                                                                      
 BRA27 4    5092      Pg    2.1404 0.0100  5.0 30.0 4 0  3.20e-04 earthnote 1598920412.82798 1                                                                                                                      
 BRA27 4    5093      Pg    2.1956 0.0100  5.0 30.0 4 0  3.38e-04 earthnote 1598920413.96525 1                                                                                                                      
 BRA27 4    5094      Pg    2.2512 0.0100  5.0 30.0 4 0  3.56e-04 earthnote 1598920415.13512 1                                                                                                                      
 BRA27 4    5095      Pg    2.3113 0.0100  5.0 30.0 4 0  3.74e-04 earthnote 1598920416.17588 1                                                                                                                      
 BRA27 4    5096      Pg    2.3831 0.0100  5.0 30.0 4 0  3.92e-04 earthnote 1598920417.00664 1                                                                                                                      
 BRA27 4    5097      Pg    2.4522 0.0100  5.0 30.0 4 0  4.11e-04 earthnote 1598920420.51450 1                                                                                                                      
 BRA27 4    5098      Pg    2.5122 0.0100  5.0 30.0 4 0  4.29e-04 earthnote 1598920421.66016 1                                                                                                                      
 BRA27 4    5099      Pg    2.5696 0.0100  5.0 30.0 4 0  4.48e-04 earthnote 1598920422.63541 1                                                                                                                      
 BRA27 4    5100      Pg    2.6377 0.0100  5.0 30.0 4 0  4.67e-04 earthnote 1598920423.72898 1                                                                                                                      
 BRA27 4    5101      Pg    2.7020 0.0100  5.0 30.0 4 0  4.86e-04 earthnote 1598920424.82006 1                                                                                                                      
 BRA27 4    5102      Pg    2.7418 0.0100  5.0 30.0 4 0  5.05e-04 earthnote 1598920427.19294 1                                                                                                                      
 BRA27 4    7016      Pg    4.0079 0.0100  5.0 30.0 4 0  1.24e-03 earthnote 1598920566.93322 1                                                                                                                      
 BRA27 4    7017      Pg    3.9741 0.0100  5.0 30.0 4 0  1.22e-03 earthnote 1598920567.63695 1                                                                                                                      
 BRA27 4    7018      Pg    3.9311 0.0100  5.0 30.0 4 0  1.20e-03 earthnote 1598920568.40001 1                                                                                                                      
 BRA27 4    7019      Pg    3.8778 0.0100  5.0 30.0 4 0  1.18e-03 earthnote 1598920569.33347 1                                                                                                                      
 BRA27 4    7020      Pg    3.8266 0.0100  5.0 30.0 4 0  1.16e-03 earthnote 1598920570.39501 1                                                                                                                      
 BRA27 4    7021      Pg    3.8046 0.0100  5.0 30.0 4 0  1.14e-03 earthnote 1598920571.65940 1                                                                                                                      
 BRA27 4    7022      Pg    3.7735 0.0100  5.0 30.0 4 0  1.12e-03 earthnote 1598920572.67639 1                                                                                                                      
 BRA27 4    7023      Pg    3.7395 0.0100  5.0 30.0 4 0  1.10e-03 earthnote 1598920573.95549 1                                                                                                                      
 BRA27 4    7024      Pg    3.6857 0.0100  5.0 30.0 4 0  1.08e-03 earthnote 1598920575.65895 1                                                                                                                      
 BRA27 4    7025      Pg    3.6517 0.0100  5.0 30.0 4 0  1.06e-03 earthnote 1598920577.65076 1                                                                                                                      
 BRA27 4    7026      Pg    3.6169 0.0100  5.0 30.0 4 0  1.04e-03 earthnote 1598920578.86574 1                                                                                                                      
 BRA27 4    7027      Pg    3.5835 0.0100  5.0 30.0 4 0  1.02e-03 earthnote 1598920579.80865 1                                                                                                                      
 BRA27 4    7028      Pg    3.5458 0.0100  5.0 30.0 4 0  1.00e-03 earthnote 1598920580.84839 1                                                                                                                      
 BRA27 4    7029      Pg    3.5124 0.0100  5.0 30.0 4 0  9.81e-04 earthnote 1598920581.98529 1                                                                                                                      
 BRA27 4    7030      Pg    3.4742 0.0100  5.0 30.0 4 0  9.61e-04 earthnote 1598920582.87708 1                                                                                                                      
 BRA27 4    7031      Pg    3.4394 0.0100  5.0 30.0 4 0  9.41e-04 earthnote 1598920587.74318 1                                                                                                                      
 BRA27 4    7032      Pg    3.3982 0.0100  5.0 30.0 4 0  9.21e-04 earthnote 1598920589.14764 1                                                                                                                      
 BRA27 4    7033      Pg    3.3602 0.0100  5.0 30.0 4 0  9.01e-04 earthnote 1598920590.74184 1                                                                                                                      
 BRA27 4    7034      Pg    3.3190 0.0100  5.0 30.0 4 0  8.81e-04 earthnote 1598920591.62417 1                                                                                                                      
 BRA27 4    7035      Pg    3.2868 0.0100  5.0 30.0 4 0  8.61e-04 earthnote 1598920557.29694 1                                                                                                                      
 BRA27 4    7036      Pg    3.2583 0.0100  5.0 30.0 4 0  8.41e-04 earthnote 1598920556.15032 1                                                                                                                      
 BRA27 4    7037      Pg    3.2339 0.0100  5.0 30.0 4 0  8.21e-04 earthnote 1598920554.81626 1                                                                                                                      
 BRA27 4    7038      Pg    3.1970 0.0100  5.0 30.0 4 0  8.01e-04 earthnote 1598920554.04849 1                                                                                                                      
 BRA27 4    7039      Pg    3.1747 0.0100  5.0 30.0 4 0  7.81e-04 earthnote 1598920553.21169 1                                                                                                                      
 BRA27 4    7040      Pg    3.1564 0.0100  5.0 30.0 4 0  7.61e-04 earthnote 1598920552.02004 1                                                                                                                      
 BRA27 4    7041      Pg    3.1242 0.0100  5.0 30.0 4 0  7.41e-04 earthnote 1598920550.14748 1                                                                                                                      
 BRA27 4    7042      Pg    3.0932 0.0100  5.0 30.0 4 0  7.21e-04 earthnote 1598920549.21371 1                                                                                                                      
 BRA27 4    7043      Pg    3.0635 0.0100  5.0 30.0 4 0  7.01e-04 earthnote 1598920548.03696 1                                                                                                                      
 BRA27 4    7044      Pg    2.9909 0.0100  5.0 30.0 4 0  6.81e-04 earthnote 1598920545.85910 1                                                                                                                      
 BRA27 4    7045      Pg    2.9536 0.0100  5.0 30.0 4 0  6.62e-04 earthnote 1598920544.52957 1                                                                                                                      
 BRA27 4    7046      Pg    2.9055 0.0100  5.0 30.0 4 0  6.42e-04 earthnote 1598920541.32366 1                                                                                                                      
 BRA27 4    7047      Pg    2.8641 0.0100  5.0 30.0 4 0  6.22e-04 earthnote 1598920540.45454 1                                                                                                                      
 BRA27 4    7048      Pg    2.8221 0.0100  5.0 30.0 4 0  6.02e-04 earthnote 1598920539.18212 1                                                                                                                      
 BRA27 4    7049      Pg    2.7716 0.0100  5.0 30.0 4 0  5.82e-04 earthnote 1598920537.94922 1                                                                                                                      
 BRA27 4    7050      Pg    2.7203 0.0100  5.0 30.0 4 0  5.62e-04 earthnote 1598920537.13270 1                                                                                                                      
 BRA27 4    7051      Pg    2.6788 0.0100  5.0 30.0 4 0  5.42e-04 earthnote 1598920536.17288 1                                                                                                                      
 BRA27 4    7052      Pg    2.6311 0.0100  5.0 30.0 4 0  5.22e-04 earthnote 1598920535.05234 1                                                                                                                      
 BRA27 4    7053      Pg    2.5765 0.0100  5.0 30.0 4 0  5.02e-04 earthnote 1598920533.92768 1                                                                                                                      
 BRA27 4    7054      Pg    2.5076 0.0100  5.0 30.0 4 0  4.82e-04 earthnote 1598920597.17778 1                                                                                                                      
 BRA27 4    7055      Pg    2.4414 0.0100  5.0 30.0 4 0  4.62e-04 earthnote 1598920531.23823 1                                                                                                                      
 BRA27 4    7056      Pg    2.3803 0.0100  5.0 30.0 4 0  4.43e-04 earthnote 1598920529.86543 1                                                                                                                      
 BRA27 4    7057      Pg    2.3407 0.0100  5.0 30.0 4 0  4.23e-04 earthnote 1598920528.08217 1                                                                                                                      
 BRA27 4    7058      Pg    2.2872 0.0100  5.0 30.0 4 0  4.03e-04 earthnote 1598920527.23076 1                                                                                                                      
 BRA27 4    7059      Pg    2.2273 0.0100  5.0 30.0 4 0  3.83e-04 earthnote 1598920525.94065 1                                                                                                                      
 BRA27 4    7060      Pg    2.1737 0.0100  5.0 30.0 4 0  3.63e-04 earthnote 1598920525.00614 1                                                                                                                      
 BRA27 4    7061      Pg    2.1294 0.0100  5.0 30.0 4 0  3.43e-04 earthnote 1598920523.85230 1                                                                                                                      
 BRA27 4    7062      Pg    2.0773 0.0100  5.0 30.0 4 0  3.24e-04 earthnote 1598920522.97175 1                                                                                                                      
 BRA27 4    7063      Pg    2.0392 0.0100  5.0 30.0 4 0  3.04e-04 earthnote 1598920522.06851 1                                                                                                                      
 BRA27 4    7064      Pg    1.9967 0.0100  5.0 30.0 4 0  2.84e-04 earthnote 1598920521.25950 1                                                                                                                      
 BRA27 4    7065      Pg    1.9452 0.0100  5.0 30.0 4 0  2.65e-04 earthnote 1598920520.08240 1                                                                                                                      
 BRA27 4    7066      Pg    1.8942 0.0100  5.0 30.0 4 0  2.45e-04 earthnote 1598920518.77820 1                                                                                                                      
 BRA27 4    7067      Pg    1.8315 0.0100  5.0 30.0 4 0  2.26e-04 earthnote 1598920517.79440 1                                                                                                                      
 BRA27 4    7068      Pg    1.7586 0.0100  5.0 30.0 4 0  2.06e-04 earthnote 1598920516.42532 1                                                                                                                      
 BRA27 4    7069      Pg    1.6736 0.0100  5.0 30.0 4 0  1.87e-04 earthnote 1598920515.32387 1                                                                                                                      
 BRA27 4    7090      Pg    1.8802 0.0100  5.0 30.0 4 0  2.47e-04 earthnote 1598920490.28320 1                                                                                                                      
 BRA27 4    7091      Pg    1.9515 0.0100  5.0 30.0 4 0  2.66e-04 earthnote 1598920491.42344 1                                                                                                                      
 BRA27 4    7092      Pg    2.0119 0.0100  5.0 30.0 4 0  2.86e-04 earthnote 1598920492.40962 1                                                                                                                      
 BRA27 4    7093      Pg    2.0833 0.0100  5.0 30.0 4 0  3.06e-04 earthnote 1598920493.74529 1                                                                                                                      
 BRA27 4    7094      Pg    2.1418 0.0100  5.0 30.0 4 0  3.25e-04 earthnote 1598920494.58629 1                                                                                                                      
 BRA27 4    7095      Pg    2.2048 0.0100  5.0 30.0 4 0  3.45e-04 earthnote 1598920495.67840 1                                                                                                                      
 BRA27 4    7096      Pg    2.2774 0.0100  5.0 30.0 4 0  3.65e-04 earthnote 1598920496.59580 1                                                                                                                      
 BRA27 4    7097      Pg    2.3541 0.0100  5.0 30.0 4 0  3.85e-04 earthnote 1598920497.54942 1                                                                                                                      
 BRA27 4    7098      Pg    2.4170 0.0100  5.0 30.0 4 0  4.04e-04 earthnote 1598920498.56335 1                                                                                                                      
 BRA27 4    7099      Pg    2.4794 0.0100  5.0 30.0 4 0  4.24e-04 earthnote 1598920500.15071 1                                                                                                                      
 BRA27 4    7100      Pg    2.5400 0.0100  5.0 30.0 4 0  4.44e-04 earthnote 1598920501.31215 1                                                                                                                      
 BRA27 4    7101      Pg    2.5983 0.0100  5.0 30.0 4 0  4.64e-04 earthnote 1598920502.25102 1                                                                                                                      
 BRA27 4    7102      Pg    2.6409 0.0100  5.0 30.0 4 0  4.84e-04 earthnote 1598920505.76125 1                                                                                                                      
 BRA27 4    7103      Pg    2.7058 0.0100  5.0 30.0 4 0  5.04e-04 earthnote 1598920507.97981 1                                                                                                                      
 BRA27 4    7104      Pg    2.7648 0.0100  5.0 30.0 4 0  5.24e-04 earthnote 1598920509.17228 1                                                                                                                      
 BRA27 4    7105      Pg    2.8337 0.0100  5.0 30.0 4 0  5.44e-04 earthnote 1598920512.59041 1                                                                                                                      
 BRA27 4    7106      Pg    2.8898 0.0100  5.0 30.0 4 0  5.63e-04 earthnote 1598920511.51854 1                                                                                                                      
 BRA27 4    9032      Pg    3.3644 0.0100  5.0 30.0 4 0  9.20e-04 earthnote 1598588288.48511 1                                                                                                                      
 BRA27 4    9033      Pg    3.3313 0.0100  5.0 30.0 4 0  9.01e-04 earthnote 1598588289.33624 1                                                                                                                      
 BRA27 4    9034      Pg    3.2869 0.0100  5.0 30.0 4 0  8.81e-04 earthnote 1598588290.32856 1                                                                                                                      
 BRA27 4    9035      Pg    3.2576 0.0100  5.0 30.0 4 0  8.61e-04 earthnote 1598588291.44089 1                                                                                                                      
 BRA27 4    9036      Pg    3.2190 0.0100  5.0 30.0 4 0  8.41e-04 earthnote 1598588292.57052 1                                                                                                                      
 BRA27 4    9037      Pg    3.1757 0.0100  5.0 30.0 4 0  8.21e-04 earthnote 1598588293.35310 1                                                                                                                      
 BRA27 4    9038      Pg    3.1534 0.0100  5.0 30.0 4 0  8.01e-04 earthnote 1598588294.39476 1                                                                                                                      
 BRA27 4    9039      Pg    3.1192 0.0100  5.0 30.0 4 0  7.81e-04 earthnote 1598588296.48755 1                                                                                                                      
 BRA27 4    9040      Pg    3.0739 0.0100  5.0 30.0 4 0  7.61e-04 earthnote 1598588297.70227 1                                                                                                                      
 BRA27 4    9041      Pg    3.0311 0.0100  5.0 30.0 4 0  7.41e-04 earthnote 1598588298.84741 1                                                                                                                      
 BRA27 4    9042      Pg    2.9971 0.0100  5.0 30.0 4 0  7.21e-04 earthnote 1598588299.84836 1                                                                                                                      
 BRA27 4    9043      Pg    2.9493 0.0100  5.0 30.0 4 0  7.01e-04 earthnote 1598588300.80907 1                                                                                                                      
 BRA27 4    9044      Pg    2.9073 0.0100  5.0 30.0 4 0  6.81e-04 earthnote 1598588301.89126 1                                                                                                                      
 BRA27 4    9045      Pg    2.8724 0.0100  5.0 30.0 4 0  6.61e-04 earthnote 1598588302.89656 1                                                                                                                      
 BRA27 4    9046      Pg    2.8333 0.0100  5.0 30.0 4 0  6.41e-04 earthnote 1598588304.07590 1                                                                                                                      
 BRA27 4    9047      Pg    2.7926 0.0100  5.0 30.0 4 0  6.21e-04 earthnote 1598588305.04564 1                                                                                                                      
 BRA27 4    9048      Pg    2.7389 0.0100  5.0 30.0 4 0  6.01e-04 earthnote 1598588306.18940 1                                                                                                                      
 BRA27 4    9049      Pg    2.6896 0.0100  5.0 30.0 4 0  5.81e-04 earthnote 1598588307.16726 1                                                                                                                      
 BRA27 4    9050      Pg    2.6462 0.0100  5.0 30.0 4 0  5.61e-04 earthnote 1598588308.01581 1                                                                                                                      
 BRA27 4    9051      Pg    2.6025 0.0100  5.0 30.0 4 0  5.41e-04 earthnote 1598588310.20161 1                                                                                                                      
 BRA27 4    9052      Pg    2.5642 0.0100  5.0 30.0 4 0  5.21e-04 earthnote 1598588311.41690 1                                                                                                                      
 BRA27 4    9053      Pg    2.5123 0.0100  5.0 30.0 4 0  5.02e-04 earthnote 1598588312.26903 1                                                                                                                      
 BRA27 4    9054      Pg    2.4679 0.0100  5.0 30.0 4 0  4.82e-04 earthnote 1598588313.33133 1                                                                                                                      
 BRA27 4    9055      Pg    2.4206 0.0100  5.0 30.0 4 0  4.62e-04 earthnote 1598588314.27506 1                                                                                                                      
 BRA27 4    9056      Pg    2.3694 0.0100  5.0 30.0 4 0  4.42e-04 earthnote 1598588326.47582 1                                                                                                                      
 BRA27 4    9057      Pg    2.3043 0.0100  5.0 30.0 4 0  4.22e-04 earthnote 1598588316.41447 1                                                                                                                      
 BRA27 4    9058      Pg    2.2388 0.0100  5.0 30.0 4 0  4.02e-04 earthnote 1598588317.50311 1                                                                                                                      
 BRA27 4    9059      Pg    2.1700 0.0100  5.0 30.0 4 0  3.82e-04 earthnote 1598588329.63710 1                                                                                                                      
 BRA27 4    9060      Pg    2.1020 0.0100  5.0 30.0 4 0  3.62e-04 earthnote 1598588330.62371 1                                                                                                                      
 BRA27 4    9061      Pg    2.0410 0.0100  5.0 30.0 4 0  3.43e-04 earthnote 1598588331.62956 1                                                                                                                      
 BRA27 4    9062      Pg    1.9753 0.0100  5.0 30.0 4 0  3.23e-04 earthnote 1598588332.48807 1                                                                                                                      
 BRA27 4    9063      Pg    1.9016 0.0100  5.0 30.0 4 0  3.03e-04 earthnote 1598588333.47296 1                                                                                                                      
 BRA27 4    9064      Pg    1.8355 0.0100  5.0 30.0 4 0  2.83e-04 earthnote 1598588334.55191 1                                                                                                                      
 BRA27 4    9065      Pg    1.7776 0.0100  5.0 30.0 4 0  2.63e-04 earthnote 1598588335.39453 1                                                                                                                      
 BRA27 4    9066      Pg    1.7124 0.0100  5.0 30.0 4 0  2.44e-04 earthnote 1598588336.77333 1                                                                                                                      
 BRA27 4    9067      Pg    1.6451 0.0100  5.0 30.0 4 0  2.24e-04 earthnote 1598588337.60537 1                                                                                                                      
 BRA27 4    9068      Pg    1.5831 0.0100  5.0 30.0 4 0  2.05e-04 earthnote 1598588338.31719 1                                                                                                                      
 BRA27 4    9069      Pg    1.5129 0.0100  5.0 30.0 4 0  1.85e-04 earthnote 1598588339.45981 1                                                                                                                      
 BRA27 4    9070      Pg    1.4504 0.0100  5.0 30.0 4 0  1.66e-04 earthnote 1598588340.23656 1                                                                                                                      
 BRA27 4    9071      Pg    1.3863 0.0100  5.0 30.0 4 0  1.47e-04 earthnote 1598588341.79887 1                                                                                                                      
 BRA27 4    9090      Pg    1.8785 0.0100  5.0 30.0 4 0  2.45e-04 earthnote 1598588362.28607 1                                                                                                                      
 BRA27 4    9091      Pg    1.9541 0.0100  5.0 30.0 4 0  2.65e-04 earthnote 1598588363.25531 1                                                                                                                      
 BRA27 4    9092      Pg    2.0180 0.0100  5.0 30.0 4 0  2.85e-04 earthnote 1598588365.27972 1                                                                                                                      
 BRA27 4    9093      Pg    2.0964 0.0100  5.0 30.0 4 0  3.05e-04 earthnote 1598588366.07142 1                                                                                                                      
 BRA27 4    9094      Pg    2.1618 0.0100  5.0 30.0 4 0  3.24e-04 earthnote 1598588367.73266 1                                                                                                                      
 BRA27 4    9095      Pg    2.2303 0.0100  5.0 30.0 4 0  3.44e-04 earthnote 1598588368.97220 1                                                                                                                      
 BRA27 4    9096      Pg    2.2965 0.0100  5.0 30.0 4 0  3.64e-04 earthnote 1598588369.91807 1                                                                                                                      
 BRA27 4    9097      Pg    2.3551 0.0100  5.0 30.0 4 0  3.84e-04 earthnote 1598588370.83015 1                                                                                                                      
 BRA27 4    9098      Pg    2.4165 0.0100  5.0 30.0 4 0  4.04e-04 earthnote 1598588371.83758 1                                                                                                                      
 BRA27 4    9099      Pg    2.4856 0.0100  5.0 30.0 4 0  4.24e-04 earthnote 1598588373.52880 1                                                                                                                      
 BRA27 4    9100      Pg    2.5538 0.0100  5.0 30.0 4 0  4.44e-04 earthnote 1598588374.39809 1                                                                                                                      
 BRA27 4    9101      Pg    2.6167 0.0100  5.0 30.0 4 0  4.63e-04 earthnote 1598588375.45102 1                                                                                                                      
 BRA27 4    9102      Pg    2.6830 0.0100  5.0 30.0 4 0  4.83e-04 earthnote 1598588376.36095 1                                                                                                                      
 BRA27 4    9103      Pg    2.7379 0.0100  5.0 30.0 4 0  5.03e-04 earthnote 1598588377.10780 1                                                                                                                      
 BRA27 4    9104      Pg    2.7834 0.0100  5.0 30.0 4 0  5.23e-04 earthnote 1598588378.13227 1                                                                                                                      
 BRA27 4    9105      Pg    2.8327 0.0100  5.0 30.0 4 0  5.43e-04 earthnote 1598588379.38889 1                                                                                                                      
 BRA27 4    9106      Pg    2.8745 0.0100  5.0 30.0 4 0  5.63e-04 earthnote 1598588380.75872 1                                                                                                                      
 BRA27 4   10044      Pg    2.8790 0.0100  5.0 30.0 4 0  6.86e-04 earthnote 1598588258.14088 1                                                                                                                      
 BRA27 4   10045      Pg    2.8429 0.0100  5.0 30.0 4 0  6.67e-04 earthnote 1598588256.02596 1                                                                                                                      
 BRA27 4   10046      Pg    2.8048 0.0100  5.0 30.0 4 0  6.47e-04 earthnote 1598588254.59571 1                                                                                                                      
 BRA27 4   10047      Pg    2.7718 0.0100  5.0 30.0 4 0  6.27e-04 earthnote 1598588252.94668 1                                                                                                                      
 BRA27 4   10048      Pg    2.7251 0.0100  5.0 30.0 4 0  6.07e-04 earthnote 1598588250.32085 1                                                                                                                      
 BRA27 4   10049      Pg    2.6869 0.0100  5.0 30.0 4 0  5.88e-04 earthnote 1598588248.39779 1                                                                                                                      
 BRA27 4   10050      Pg    2.6379 0.0100  5.0 30.0 4 0  5.68e-04 earthnote 1598588244.57226 1                                                                                                                      
 BRA27 4   10051      Pg    2.5796 0.0100  5.0 30.0 4 0  5.48e-04 earthnote 1598588243.62906 1                                                                                                                      
 BRA27 4   10052      Pg    2.5248 0.0100  5.0 30.0 4 0  5.28e-04 earthnote 1598588237.66345 1                                                                                                                      
 BRA27 4   10053      Pg    2.4648 0.0100  5.0 30.0 4 0  5.09e-04 earthnote 1598588241.31316 1                                                                                                                      
 BRA27 4   10054      Pg    2.4084 0.0100  5.0 30.0 4 0  4.89e-04 earthnote 1598588231.31472 1                                                                                                                      
 BRA27 4   10055      Pg    2.3448 0.0100  5.0 30.0 4 0  4.70e-04 earthnote 1598588230.43375 1                                                                                                                      
 BRA27 4   10056      Pg    2.2862 0.0100  5.0 30.0 4 0  4.50e-04 earthnote 1598588229.03253 1                                                                                                                      
 BRA27 4   10057      Pg    2.2224 0.0100  5.0 30.0 4 0  4.31e-04 earthnote 1598588227.61558 1                                                                                                                      
 BRA27 4   10058      Pg    2.1526 0.0100  5.0 30.0 4 0  4.11e-04 earthnote 1598588226.28627 1                                                                                                                      
 BRA27 4   10059      Pg    2.0861 0.0100  5.0 30.0 4 0  3.92e-04 earthnote 1598588224.91546 1                                                                                                                      
 BRA27 4   10060      Pg    2.0235 0.0100  5.0 30.0 4 0  3.73e-04 earthnote 1598588222.01123 1                                                                                                                      
 BRA27 4   10061      Pg    1.9733 0.0100  5.0 30.0 4 0  3.53e-04 earthnote 1598588221.12572 1                                                                                                                      
 BRA27 4   10062      Pg    1.9119 0.0100  5.0 30.0 4 0  3.34e-04 earthnote 1598588219.36994 1                                                                                                                      
 BRA27 4   10063      Pg    1.8407 0.0100  5.0 30.0 4 0  3.15e-04 earthnote 1598588218.20808 1                                                                                                                      
 BRA27 4   10064      Pg    1.7697 0.0100  5.0 30.0 4 0  2.96e-04 earthnote 1598588217.44021 1                                                                                                                      
 BRA27 4   10065      Pg    1.7129 0.0100  5.0 30.0 4 0  2.77e-04 earthnote 1598588216.20715 1                                                                                                                      
 BRA27 4   10066      Pg    1.6543 0.0100  5.0 30.0 4 0  2.58e-04 earthnote 1598588215.36670 1                                                                                                                      
 BRA27 4   10067      Pg    1.6074 0.0100  5.0 30.0 4 0  2.41e-04 earthnote 1598588214.34236 1                                                                                                                      
 BRA27 4   10068      Pg    1.5634 0.0100  5.0 30.0 4 0  2.22e-04 earthnote 1598588213.26696 1                                                                                                                      
 BRA27 4   10069      Pg    1.5215 0.0100  5.0 30.0 4 0  2.05e-04 earthnote 1598588212.13312 1                                                                                                                      
 BRA27 4   10070      Pg    1.4666 0.0100  5.0 30.0 4 0  1.87e-04 earthnote 1598588211.00983 1                                                                                                                      
 BRA27 4   10071      Pg    1.4078 0.0100  5.0 30.0 4 0  1.70e-04 earthnote 1598588209.98788 1                                                                                                                      
 BRA27 4   10072      Pg    1.3589 0.0100  5.0 30.0 4 0  1.54e-04 earthnote 1598588209.02764 1                                                                                                                      
 BRA27 4   10073      Pg    1.3023 0.0100  5.0 30.0 4 0  1.39e-04 earthnote 1598588207.49765 1                                                                                                                      
 BRA27 4   10074      Pg    1.2542 0.0100  5.0 30.0 4 0  1.27e-04 earthnote 1598588206.28823 1                                                                                                                      
 BRA27 4   10075      Pg    1.2170 0.0100  5.0 30.0 4 0  1.15e-04 earthnote 1598588205.26413 1                                                                                                                      
 BRA27 4   10076      Pg    1.1871 0.0100  5.0 30.0 4 0  1.05e-04 earthnote 1598588204.16068 1                                                                                                                      
 BRA27 4   10077      Pg    1.1726 0.0100  5.0 30.0 4 0  9.97e-05 earthnote 1598588202.79917 1                                                                                                                      
 BRA27 4   10078      Pg    1.1689 0.0100  5.0 30.0 4 0  9.87e-05 earthnote 1598588201.68724 1                                                                                                                      
 BRA27 4   10079      Pg    1.1784 0.0100  5.0 30.0 4 0  1.01e-04 earthnote 1598588200.02993 1                                                                                                                      
 BRA27 4   10080      Pg    1.1938 0.0100  5.0 30.0 4 0  1.06e-04 earthnote 1598588198.19521 1                                                                                                                      
 BRA27 4   10081      Pg    1.2285 0.0100  5.0 30.0 4 0  1.15e-04 earthnote 1598588196.26637 1                                                                                                                      
 BRA27 4   10082      Pg    1.2722 0.0100  5.0 30.0 4 0  1.27e-04 earthnote 1598588193.50232 1                                                                                                                      
 BRA27 4   10083      Pg    1.3371 0.0100  5.0 30.0 4 0  1.41e-04 earthnote 1598588191.80756 1                                                                                                                      
 BRA27 4   10084      Pg    1.4080 0.0100  5.0 30.0 4 0  1.56e-04 earthnote 1598588190.51865 1                                                                                                                      
 BRA27 4   10085      Pg    1.4905 0.0100  5.0 30.0 4 0  1.72e-04 earthnote 1598588188.90160 1                                                                                                                      
 BRA27 4   10086      Pg    1.5774 0.0100  5.0 30.0 4 0  1.89e-04 earthnote 1598588187.10800 1                                                                                                                      
 BRA27 4   10087      Pg    1.6686 0.0100  5.0 30.0 4 0  2.06e-04 earthnote 1598588185.66850 1                                                                                                                      
 BRA27 4   10088      Pg    1.7652 0.0100  5.0 30.0 4 0  2.23e-04 earthnote 1598588183.89001 1                                                                                                                      
 BRA27 4   10089      Pg    1.8634 0.0100  5.0 30.0 4 0  2.42e-04 earthnote 1598588176.56313 1                                                                                                                      
 BRA27 4   10090      Pg    1.9558 0.0100  5.0 30.0 4 0  2.60e-04 earthnote 1598588175.56088 1                                                                                                                      
 BRA27 4   10091      Pg    2.0142 0.0100  5.0 30.0 4 0  2.79e-04 earthnote 1598588174.59171 1                                                                                                                      
 BRA27 4   10092      Pg    2.0739 0.0100  5.0 30.0 4 0  2.98e-04 earthnote 1598588173.51092 1                                                                                                                      
 BRA27 4   10093      Pg    2.1291 0.0100  5.0 30.0 4 0  3.17e-04 earthnote 1598588172.52822 1                                                                                                                      
 BRA27 4   10094      Pg    2.1937 0.0100  5.0 30.0 4 0  3.36e-04 earthnote 1598588171.62532 1                                                                                                                      
 BRA27 4   10095      Pg    2.2401 0.0100  5.0 30.0 4 0  3.55e-04 earthnote 1598588170.35836 1                                                                                                                      
 BRA27 4   10096      Pg    2.3095 0.0100  5.0 30.0 4 0  3.74e-04 earthnote 1598588169.25795 1                                                                                                                      
 BRA27 4   11040      Pg    2.9813 0.0100  5.0 30.0 4 0  7.73e-04 earthnote 1598588033.77294 1                                                                                                                      
 BRA27 4   11041      Pg    2.9442 0.0100  5.0 30.0 4 0  7.54e-04 earthnote 1598588036.70938 1                                                                                                                      
 BRA27 4   11042      Pg    2.9073 0.0100  5.0 30.0 4 0  7.34e-04 earthnote 1598588038.28808 1                                                                                                                      
 BRA27 4   11043      Pg    2.8688 0.0100  5.0 30.0 4 0  7.15e-04 earthnote 1598588039.42099 1                                                                                                                      
 BRA27 4   11044      Pg    2.8432 0.0100  5.0 30.0 4 0  6.95e-04 earthnote 1598588040.56224 1                                                                                                                      
 BRA27 4   11045      Pg    2.8136 0.0100  5.0 30.0 4 0  6.76e-04 earthnote 1598588041.58442 1                                                                                                                      
 BRA27 4   11046      Pg    2.7702 0.0100  5.0 30.0 4 0  6.56e-04 earthnote 1598588042.55520 1                                                                                                                      
 BRA27 4   11047      Pg    2.7310 0.0100  5.0 30.0 4 0  6.37e-04 earthnote 1598588043.60949 1                                                                                                                      
 BRA27 4   11048      Pg    2.6905 0.0100  5.0 30.0 4 0  6.17e-04 earthnote 1598588044.67040 1                                                                                                                      
 BRA27 4   11049      Pg    2.6331 0.0100  5.0 30.0 4 0  5.98e-04 earthnote 1598588046.39900 1                                                                                                                      
 BRA27 4   11050      Pg    2.5717 0.0100  5.0 30.0 4 0  5.78e-04 earthnote 1598588047.64708 1                                                                                                                      
 BRA27 4   11051      Pg    2.5159 0.0100  5.0 30.0 4 0  5.59e-04 earthnote 1598588048.90958 1                                                                                                                      
 BRA27 4   11052      Pg    2.4496 0.0100  5.0 30.0 4 0  5.40e-04 earthnote 1598588050.66161 1                                                                                                                      
 BRA27 4   11053      Pg    2.4021 0.0100  5.0 30.0 4 0  5.21e-04 earthnote 1598588051.65813 1                                                                                                                      
 BRA27 4   11054      Pg    2.3391 0.0100  5.0 30.0 4 0  5.01e-04 earthnote 1598588055.46016 1                                                                                                                      
 BRA27 4   11055      Pg    2.2841 0.0100  5.0 30.0 4 0  4.82e-04 earthnote 1598588054.19570 1                                                                                                                      
 BRA27 4   11056      Pg    2.2147 0.0100  5.0 30.0 4 0  4.63e-04 earthnote 1598588060.69032 1                                                                                                                      
 BRA27 4   11057      Pg    2.1493 0.0100  5.0 30.0 4 0  4.45e-04 earthnote 1598588059.02484 1                                                                                                                      
 BRA27 4   11058      Pg    2.0941 0.0100  5.0 30.0 4 0  4.26e-04 earthnote 1598588062.35673 1                                                                                                                      
 BRA27 4   11059      Pg    2.0399 0.0100  5.0 30.0 4 0  4.07e-04 earthnote 1598588063.69123 1                                                                                                                      
 BRA27 4   11060      Pg    1.9751 0.0100  5.0 30.0 4 0  3.88e-04 earthnote 1598588064.84433 1                                                                                                                      
 BRA27 4   11061      Pg    1.9076 0.0100  5.0 30.0 4 0  3.70e-04 earthnote 1598588133.12517 1                                                                                                                      
 BRA27 4   11062      Pg    1.8417 0.0100  5.0 30.0 4 0  3.51e-04 earthnote 1598588067.60027 1                                                                                                                      
 BRA27 4   11063      Pg    1.7876 0.0100  5.0 30.0 4 0  3.33e-04 earthnote 1598588068.89280 1                                                                                                                      
 BRA27 4   11064      Pg    1.7220 0.0100  5.0 30.0 4 0  3.15e-04 earthnote 1598588070.30499 1                                                                                                                      
 BRA27 4   11065      Pg    1.6654 0.0100  5.0 30.0 4 0  2.98e-04 earthnote 1598588071.81707 1                                                                                                                      
 BRA27 4   11066      Pg    1.6106 0.0100  5.0 30.0 4 0  2.81e-04 earthnote 1598588072.91229 1                                                                                                                      
 BRA27 4   11067      Pg    1.5606 0.0100  5.0 30.0 4 0  2.64e-04 earthnote 1598588074.15568 1                                                                                                                      
 BRA27 4   11068      Pg    1.5282 0.0100  5.0 30.0 4 0  2.47e-04 earthnote 1598588075.17251 1                                                                                                                      
 BRA27 4   11069      Pg    1.5003 0.0100  5.0 30.0 4 0  2.32e-04 earthnote 1598588076.18280 1                                                                                                                      
 BRA27 4   11070      Pg    1.4771 0.0100  5.0 30.0 4 0  2.16e-04 earthnote 1598588077.13196 1                                                                                                                      
 BRA27 4   11071      Pg    1.4646 0.0100  5.0 30.0 4 0  2.02e-04 earthnote 1598588078.17317 1                                                                                                                      
 BRA27 4   11072      Pg    1.4364 0.0100  5.0 30.0 4 0  1.89e-04 earthnote 1598588079.05543 1                                                                                                                      
 BRA27 4   11073      Pg    1.3989 0.0100  5.0 30.0 4 0  1.77e-04 earthnote 1598588080.03161 1                                                                                                                      
 BRA27 4   11074      Pg    1.3597 0.0100  5.0 30.0 4 0  1.67e-04 earthnote 1598588080.85655 1                                                                                                                      
 BRA27 4   11075      Pg    1.3301 0.0100  5.0 30.0 4 0  1.58e-04 earthnote 1598588082.16137 1                                                                                                                      
 BRA27 4   11076      Pg    1.3066 0.0100  5.0 30.0 4 0  1.52e-04 earthnote 1598588083.58531 1                                                                                                                      
 BRA27 4   11077      Pg    1.2890 0.0100  5.0 30.0 4 0  1.48e-04 earthnote 1598588084.98813 1                                                                                                                      
 BRA27 4   11078      Pg    1.2907 0.0100  5.0 30.0 4 0  1.47e-04 earthnote 1598588086.60220 1                                                                                                                      
 BRA27 4   11079      Pg    1.3106 0.0100  5.0 30.0 4 0  1.48e-04 earthnote 1598588087.69401 1                                                                                                                      
 BRA27 4   11080      Pg    1.3363 0.0100  5.0 30.0 4 0  1.52e-04 earthnote 1598588088.80355 1                                                                                                                      
 BRA27 4   11081      Pg    1.3654 0.0100  5.0 30.0 4 0  1.58e-04 earthnote 1598588089.71037 1                                                                                                                      
 BRA27 4   11082      Pg    1.4179 0.0100  5.0 30.0 4 0  1.67e-04 earthnote 1598588090.97450 1                                                                                                                      
 BRA27 4   11083      Pg    1.4658 0.0100  5.0 30.0 4 0  1.78e-04 earthnote 1598588095.74158 1                                                                                                                      
 BRA27 4   11084      Pg    1.5334 0.0100  5.0 30.0 4 0  1.90e-04 earthnote 1598588093.24156 1                                                                                                                      
 BRA27 4   11085      Pg    1.6032 0.0100  5.0 30.0 4 0  2.03e-04 earthnote 1598588094.32854 1                                                                                                                      
 BRA27 4   11086      Pg    1.6808 0.0100  5.0 30.0 4 0  2.18e-04 earthnote 1598588098.85522 1                                                                                                                      
 BRA27 4   11087      Pg    1.7705 0.0100  5.0 30.0 4 0  2.33e-04 earthnote 1598588099.84611 1                                                                                                                      
 BRA27 4   11088      Pg    1.8581 0.0100  5.0 30.0 4 0  2.49e-04 earthnote 1598588100.87949 1                                                                                                                      
 BRA27 4   11089      Pg    1.9507 0.0100  5.0 30.0 4 0  2.65e-04 earthnote 1598588101.87080 1                                                                                                                      
 BRA27 4   11090      Pg    2.0063 0.0100  5.0 30.0 4 0  2.82e-04 earthnote 1598588103.24994 1                                                                                                                      
 BRA27 4   11091      Pg    2.0604 0.0100  5.0 30.0 4 0  3.00e-04 earthnote 1598588105.37846 1                                                                                                                      
 BRA27 4   11092      Pg    2.1142 0.0100  5.0 30.0 4 0  3.17e-04 earthnote 1598588106.65847 1                                                                                                                      
 BRA27 4   11093      Pg    2.1697 0.0100  5.0 30.0 4 0  3.35e-04 earthnote 1598588108.02766 1                                                                                                                      
 BRA27 4   11094      Pg    2.2118 0.0100  5.0 30.0 4 0  3.53e-04 earthnote 1598588109.01309 1                                                                                                                      
 BRA27 4   11095      Pg    2.2628 0.0100  5.0 30.0 4 0  3.71e-04 earthnote 1598588109.94884 1                                                                                                                      
 BRA27 4   11096      Pg    2.3234 0.0100  5.0 30.0 4 0  3.90e-04 earthnote 1598588111.01276 1                                                                                                                      
 BRA27 4   11097      Pg    2.3990 0.0100  5.0 30.0 4 0  4.08e-04 earthnote 1598588111.88726 1                                                                                                                      
 BRA27 4   11098      Pg    2.4558 0.0100  5.0 30.0 4 0  4.27e-04 earthnote 1598588112.99282 1                                                                                                                      
 BRA27 4   11099      Pg    2.5127 0.0100  5.0 30.0 4 0  4.46e-04 earthnote 1598588114.04140 1                                                                                                                      
 BRA27 4   11100      Pg    2.5667 0.0100  5.0 30.0 4 0  4.65e-04 earthnote 1598588114.92164 1                                                                                                                      
 BRA27 4   12041      Pg    2.9285 0.0100  5.0 30.0 4 0  7.65e-04 earthnote 1598587913.43083 1                                                                                                                      
 BRA27 4   12042      Pg    2.9086 0.0100  5.0 30.0 4 0  7.46e-04 earthnote 1598587911.24381 1                                                                                                                      
 BRA27 4   12043      Pg    2.8707 0.0100  5.0 30.0 4 0  7.27e-04 earthnote 1598587910.32115 1                                                                                                                      
 BRA27 4   12044      Pg    2.8530 0.0100  5.0 30.0 4 0  7.07e-04 earthnote 1598587909.30046 1                                                                                                                      
 BRA27 4   12045      Pg    2.8047 0.0100  5.0 30.0 4 0  6.88e-04 earthnote 1598587907.99349 1                                                                                                                      
 BRA27 4   12046      Pg    2.7651 0.0100  5.0 30.0 4 0  6.69e-04 earthnote 1598587907.02553 1                                                                                                                      
 BRA27 4   12047      Pg    2.7346 0.0100  5.0 30.0 4 0  6.50e-04 earthnote 1598587905.48351 1                                                                                                                      
 BRA27 4   12048      Pg    2.6808 0.0100  5.0 30.0 4 0  6.31e-04 earthnote 1598587904.20419 1                                                                                                                      
 BRA27 4   12049      Pg    2.6314 0.0100  5.0 30.0 4 0  6.12e-04 earthnote 1598587903.04618 1                                                                                                                      
 BRA27 4   12050      Pg    2.5622 0.0100  5.0 30.0 4 0  5.93e-04 earthnote 1598587901.89357 1                                                                                                                      
 BRA27 4   12051      Pg    2.5079 0.0100  5.0 30.0 4 0  5.75e-04 earthnote 1598587900.85956 1                                                                                                                      
 BRA27 4   12052      Pg    2.4439 0.0100  5.0 30.0 4 0  5.56e-04 earthnote 1598587899.10355 1                                                                                                                      
 BRA27 4   12053      Pg    2.3828 0.0100  5.0 30.0 4 0  5.37e-04 earthnote 1598587897.92837 1                                                                                                                      
 BRA27 4   12054      Pg    2.3259 0.0100  5.0 30.0 4 0  5.19e-04 earthnote 1598587897.19397 1                                                                                                                      
 BRA27 4   12055      Pg    2.2658 0.0100  5.0 30.0 4 0  5.00e-04 earthnote 1598587896.28795 1                                                                                                                      
 BRA27 4   12056      Pg    2.2139 0.0100  5.0 30.0 4 0  4.82e-04 earthnote 1598587895.25561 1                                                                                                                      
 BRA27 4   12057      Pg    2.1549 0.0100  5.0 30.0 4 0  4.63e-04 earthnote 1598587893.94354 1                                                                                                                      
 BRA27 4   12058      Pg    2.0813 0.0100  5.0 30.0 4 0  4.45e-04 earthnote 1598587890.18881 1                                                                                                                      
 BRA27 4   12059      Pg    2.0240 0.0100  5.0 30.0 4 0  4.28e-04 earthnote 1598587891.45405 1                                                                                                                      
 BRA27 4   12060      Pg    1.9565 0.0100  5.0 30.0 4 0  4.10e-04 earthnote 1598587887.88350 1                                                                                                                      
 BRA27 4   12061      Pg    1.8805 0.0100  5.0 30.0 4 0  3.93e-04 earthnote 1598587886.92254 1                                                                                                                      
 BRA27 4   12062      Pg    1.8181 0.0100  5.0 30.0 4 0  3.76e-04 earthnote 1598587885.91288 1                                                                                                                      
 BRA27 4   12063      Pg    1.7724 0.0100  5.0 30.0 4 0  3.58e-04 earthnote 1598587884.83240 1                                                                                                                      
 BRA27 4   12064      Pg    1.7195 0.0100  5.0 30.0 4 0  3.42e-04 earthnote 1598587883.34011 1                                                                                                                      
 BRA27 4   12065      Pg    1.7057 0.0100  5.0 30.0 4 0  3.26e-04 earthnote 1598587880.38953 1                                                                                                                      
 BRA27 4   12066      Pg    1.6673 0.0100  5.0 30.0 4 0  3.10e-04 earthnote 1598587879.39435 1                                                                                                                      
 BRA27 4   12067      Pg    1.6296 0.0100  5.0 30.0 4 0  2.95e-04 earthnote 1598587878.44117 1                                                                                                                      
 BRA27 4   12068      Pg    1.5868 0.0100  5.0 30.0 4 0  2.81e-04 earthnote 1598587870.75482 1                                                                                                                      
 BRA27 4   12069      Pg    1.5487 0.0100  5.0 30.0 4 0  2.67e-04 earthnote 1598587869.69119 1                                                                                                                      
 BRA27 4   12070      Pg    1.5318 0.0100  5.0 30.0 4 0  2.54e-04 earthnote 1598587868.55402 1                                                                                                                      
 BRA27 4   12071      Pg    1.5081 0.0100  5.0 30.0 4 0  2.42e-04 earthnote 1598587866.96181 1                                                                                                                      
 BRA27 4   12072      Pg    1.4919 0.0100  5.0 30.0 4 0  2.31e-04 earthnote 1598587866.10841 1                                                                                                                      
 BRA27 4   12073      Pg    1.4903 0.0100  5.0 30.0 4 0  2.21e-04 earthnote 1598587864.76670 1                                                                                                                      
 BRA27 4   12074      Pg    1.4874 0.0100  5.0 30.0 4 0  2.13e-04 earthnote 1598587863.84454 1                                                                                                                      
 BRA27 4   12075      Pg    1.4757 0.0100  5.0 30.0 4 0  2.06e-04 earthnote 1598587862.79216 1                                                                                                                      
 BRA27 4   12076      Pg    1.4690 0.0100  5.0 30.0 4 0  2.01e-04 earthnote 1598587861.78060 1                                                                                                                      
 BRA27 4   12077      Pg    1.4698 0.0100  5.0 30.0 4 0  1.98e-04 earthnote 1598587860.69958 1                                                                                                                      
 BRA27 4   12078      Pg    1.4788 0.0100  5.0 30.0 4 0  1.98e-04 earthnote 1598587859.26514 1                                                                                                                      
 BRA27 4   12079      Pg    1.4964 0.0100  5.0 30.0 4 0  1.99e-04 earthnote 1598587858.32257 1                                                                                                                      
 BRA27 4   12080      Pg    1.5261 0.0100  5.0 30.0 4 0  2.02e-04 earthnote 1598587968.28114 1                                                                                                                      
 BRA27 4   12081      Pg    1.5683 0.0100  5.0 30.0 4 0  2.07e-04 earthnote 1598587970.91755 1                                                                                                                      
 BRA27 4   12082      Pg    1.6098 0.0100  5.0 30.0 4 0  2.14e-04 earthnote 1598587976.49577 1                                                                                                                      
 BRA27 4   12083      Pg    1.6616 0.0100  5.0 30.0 4 0  2.22e-04 earthnote 1598587978.48979 1                                                                                                                      
 BRA27 4   12084      Pg    1.7175 0.0100  5.0 30.0 4 0  2.32e-04 earthnote 1598587853.50047 1                                                                                                                      
 BRA27 4   12085      Pg    1.7795 0.0100  5.0 30.0 4 0  2.43e-04 earthnote 1598587852.43093 1                                                                                                                      
 BRA27 4   12086      Pg    1.8534 0.0100  5.0 30.0 4 0  2.56e-04 earthnote 1598587851.52536 1                                                                                                                      
 BRA27 4   12087      Pg    1.9271 0.0100  5.0 30.0 4 0  2.68e-04 earthnote 1598587850.52080 1                                                                                                                      
 BRA27 4   12088      Pg    1.9757 0.0100  5.0 30.0 4 0  2.82e-04 earthnote 1598587840.91143 1                                                                                                                      
 BRA27 4   12089      Pg    2.0187 0.0100  5.0 30.0 4 0  2.97e-04 earthnote 1598587842.04520 1                                                                                                                      
 BRA27 4   12090      Pg    2.0671 0.0100  5.0 30.0 4 0  3.12e-04 earthnote 1598587843.51665 1                                                                                                                      
 BRA27 4   12091      Pg    2.1236 0.0100  5.0 30.0 4 0  3.28e-04 earthnote 1598587844.69513 1                                                                                                                      
 BRA27 4   12092      Pg    2.1757 0.0100  5.0 30.0 4 0  3.44e-04 earthnote 1598587846.23280 1                                                                                                                      
 BRA27 4   12093      Pg    2.2235 0.0100  5.0 30.0 4 0  3.61e-04 earthnote 1598587847.59413 1                                                                                                                      
 BRA27 4   12094      Pg    2.2730 0.0100  5.0 30.0 4 0  3.77e-04 earthnote 1598587956.26702 1                                                                                                                      
 BRA27 4   12095      Pg    2.3350 0.0100  5.0 30.0 4 0  3.95e-04 earthnote 1598587957.49196 1                                                                                                                      
 BRA27 4   12096      Pg    2.3847 0.0100  5.0 30.0 4 0  4.12e-04 earthnote 1598587958.66008 1                                                                                                                      
 BRA27 4   12097      Pg    2.4576 0.0100  5.0 30.0 4 0  4.30e-04 earthnote 1598587960.05920 1                                                                                                                      
 BRA27 4   12098      Pg    2.5127 0.0100  5.0 30.0 4 0  4.48e-04 earthnote 1598587961.37706 1                                                                                                                      
 BRA27 4   12099      Pg    2.5662 0.0100  5.0 30.0 4 0  4.66e-04 earthnote 1598587962.71402 1                                                                                                                      
 BRA27 4   53020      Pg    4.0048 0.0100  5.0 30.0 4 0  1.19e-03 earthnote 1598920286.62873 1                                                                                                                      
 BRA27 4   53021      Pg    3.9680 0.0100  5.0 30.0 4 0  1.17e-03 earthnote 1598920288.16650 1                                                                                                                      
 BRA27 4   53022      Pg    3.9253 0.0100  5.0 30.0 4 0  1.15e-03 earthnote 1598920285.82136 1                                                                                                                      
 BRA27 4   53023      Pg    3.8862 0.0100  5.0 30.0 4 0  1.13e-03 earthnote 1598920284.65133 1                                                                                                                      
 BRA27 4   53024      Pg    3.8468 0.0100  5.0 30.0 4 0  1.11e-03 earthnote 1598920283.17291 1                                                                                                                      
 BRA27 4   53025      Pg    3.8080 0.0100  5.0 30.0 4 0  1.09e-03 earthnote 1598920281.90270 1                                                                                                                      
 BRA27 4   53026      Pg    3.7618 0.0100  5.0 30.0 4 0  1.07e-03 earthnote 1598920280.60405 1                                                                                                                      
 BRA27 4   53027      Pg    3.7159 0.0100  5.0 30.0 4 0  1.05e-03 earthnote 1598920279.53715 1                                                                                                                      
 BRA27 4   53028      Pg    3.6608 0.0100  5.0 30.0 4 0  1.03e-03 earthnote 1598920277.50923 1                                                                                                                      
 BRA27 4   53029      Pg    3.6080 0.0100  5.0 30.0 4 0  1.01e-03 earthnote 1598920276.38453 1                                                                                                                      
 BRA27 4   53030      Pg    3.5626 0.0100  5.0 30.0 4 0  9.92e-04 earthnote 1598920275.16821 1                                                                                                                      
 BRA27 4   53031      Pg    3.5071 0.0100  5.0 30.0 4 0  9.73e-04 earthnote 1598920301.73836 1                                                                                                                      
 BRA27 4   53032      Pg    3.4550 0.0100  5.0 30.0 4 0  9.54e-04 earthnote 1598920303.08493 1                                                                                                                      
 BRA27 4   53033      Pg    3.4223 0.0100  5.0 30.0 4 0  9.35e-04 earthnote 1598920264.14495 1                                                                                                                      
 BRA27 4   53034      Pg    3.3968 0.0100  5.0 30.0 4 0  9.15e-04 earthnote 1598920265.44986 1                                                                                                                      
 BRA27 4   53035      Pg    3.3666 0.0100  5.0 30.0 4 0  8.96e-04 earthnote 1598920268.03031 1                                                                                                                      
 BRA27 4   53036      Pg    3.3345 0.0100  5.0 30.0 4 0  8.77e-04 earthnote 1598920270.08732 1                                                                                                                      
 BRA27 4   53037      Pg    3.2998 0.0100  5.0 30.0 4 0  8.58e-04 earthnote 1598920260.37167 1                                                                                                                      
 BRA27 4   53038      Pg    3.2731 0.0100  5.0 30.0 4 0  8.39e-04 earthnote 1598920259.52098 1                                                                                                                      
 BRA27 4   53039      Pg    3.2429 0.0100  5.0 30.0 4 0  8.20e-04 earthnote 1598920258.76974 1                                                                                                                      
 BRA27 4   53040      Pg    3.2257 0.0100  5.0 30.0 4 0  8.01e-04 earthnote 1598920256.16778 1                                                                                                                      
 BRA27 4   53041      Pg    3.1996 0.0100  5.0 30.0 4 0  7.82e-04 earthnote 1598920255.26787 1                                                                                                                      
 BRA27 4   53042      Pg    3.1632 0.0100  5.0 30.0 4 0  7.63e-04 earthnote 1598920254.05279 1                                                                                                                      
 BRA27 4   53043      Pg    3.1335 0.0100  5.0 30.0 4 0  7.44e-04 earthnote 1598920253.13388 1                                                                                                                      
 BRA27 4   53044      Pg    3.0990 0.0100  5.0 30.0 4 0  7.25e-04 earthnote 1598920252.21537 1                                                                                                                      
 BRA27 4   53046      Pg    3.0455 0.0100  5.0 30.0 4 0  6.88e-04 earthnote 1598920250.72822 1                                                                                                                      
 BRA27 4   53047      Pg    3.0360 0.0100  5.0 30.0 4 0  6.69e-04 earthnote 1598920249.89697 1                                                                                                                      
 BRA27 4   53048      Pg    3.0101 0.0100  5.0 30.0 4 0  6.51e-04 earthnote 1598920249.06585 1                                                                                                                      
 BRA27 4   53049      Pg    2.9830 0.0100  5.0 30.0 4 0  6.32e-04 earthnote 1598920247.31975 1                                                                                                                      
