 BRA25 3   17038      Pg    2.9043 0.0100  5.0 30.0 4 0  7.46e-04 earthnote 1596511895.51649 1                                                                                                                      
 BRA25 3   17039      Pg    2.8592 0.0100  5.0 30.0 4 0  7.26e-04 earthnote 1596511897.81124 1                                                                                                                      
 BRA25 3   17040      Pg    2.8159 0.0100  5.0 30.0 4 0  7.06e-04 earthnote 1596511900.46098 1                                                                                                                      
 BRA25 3   17041      Pg    2.7593 0.0100  5.0 30.0 4 0  6.86e-04 earthnote 1596511902.08046 1                                                                                                                      
 BRA25 3   17042      Pg    2.7193 0.0100  5.0 30.0 4 0  6.66e-04 earthnote 1596511903.95057 1                                                                                                                      
 BRA25 3   17043      Pg    2.6768 0.0100  5.0 30.0 4 0  6.46e-04 earthnote 1596511905.38081 1                                                                                                                      
 BRA25 3   17044      Pg    2.6223 0.0100  5.0 30.0 4 0  6.26e-04 earthnote 1596511907.56353 1                                                                                                                      
 BRA25 3   17045      Pg    2.5743 0.0100  5.0 30.0 4 0  6.06e-04 earthnote 1596511908.78667 1                                                                                                                      
 BRA25 3   17046      Pg    2.5183 0.0100  5.0 30.0 4 0  5.86e-04 earthnote 1596511910.00876 1                                                                                                                      
 BRA25 3   17047      Pg    2.4677 0.0100  5.0 30.0 4 0  5.66e-04 earthnote 1596511911.62696 1                                                                                                                      
 BRA25 3   17048      Pg    2.4215 0.0100  5.0 30.0 4 0  5.46e-04 earthnote 1596511915.49891 1                                                                                                                      
 BRA25 3   17049      Pg    2.3680 0.0100  5.0 30.0 4 0  5.26e-04 earthnote 1596511917.04039 1                                                                                                                      
 BRA25 3   17050      Pg    2.2974 0.0100  5.0 30.0 4 0  5.06e-04 earthnote 1596511918.59756 1                                                                                                                      
 BRA25 3   17051      Pg    2.2243 0.0100  5.0 30.0 4 0  4.86e-04 earthnote 1596511920.33230 1                                                                                                                      
 BRA25 3   17052      Pg    2.1538 0.0100  5.0 30.0 4 0  4.66e-04 earthnote 1596511921.84211 1                                                                                                                      
 BRA25 3   17053      Pg    2.0887 0.0100  5.0 30.0 4 0  4.46e-04 earthnote 1596511924.94852 1                                                                                                                      
 BRA25 3   17054      Pg    2.0306 0.0100  5.0 30.0 4 0  4.26e-04 earthnote 1596511926.78457 1                                                                                                                      
 BRA25 3   17055      Pg    1.9634 0.0100  5.0 30.0 4 0  4.06e-04 earthnote 1596511928.20192 1                                                                                                                      
 BRA25 3   17056      Pg    1.8987 0.0100  5.0 30.0 4 0  3.86e-04 earthnote 1596511932.18099 1                                                                                                                      
 BRA25 3   17057      Pg    1.8370 0.0100  5.0 30.0 4 0  3.66e-04 earthnote 1596511934.09157 1                                                                                                                      
 BRA25 3   17058      Pg    1.7730 0.0100  5.0 30.0 4 0  3.46e-04 earthnote 1596511936.46957 1                                                                                                                      
 BRA25 3   17059      Pg    1.7096 0.0100  5.0 30.0 4 0  3.26e-04 earthnote 1596511939.45607 1                                                                                                                      
 BRA25 3   17060      Pg    1.6744 0.0100  5.0 30.0 4 0  3.06e-04 earthnote 1596511941.13370 1                                                                                                                      
 BRA25 3   17061      Pg    1.6517 0.0100  5.0 30.0 4 0  2.86e-04 earthnote 1596511943.41745 1                                                                                                                      
 BRA25 3   17062      Pg    1.6278 0.0100  5.0 30.0 4 0  2.66e-04 earthnote 1596511944.97429 1                                                                                                                      
 BRA25 3   17063      Pg    1.6141 0.0100  5.0 30.0 4 0  2.46e-04 earthnote 1596511947.43968 1                                                                                                                      
 BRA25 3   17064      Pg    1.5048 0.0100  5.0 30.0 4 0  2.26e-04 earthnote 1596511950.20537 1                                                                                                                      
 BRA25 3   17065      Pg    1.3817 0.0100  5.0 30.0 4 0  2.06e-04 earthnote 1596511952.71933 1                                                                                                                      
 BRA25 3   17066      Pg    1.2629 0.0100  5.0 30.0 4 0  1.86e-04 earthnote 1596511955.05527 1                                                                                                                      
 BRA25 3   17067      Pg    1.1367 0.0100  5.0 30.0 4 0  1.66e-04 earthnote 1596511957.77049 1                                                                                                                      
 BRA25 3   17078      Pg    0.7796 0.0100  5.0 30.0 4 0  5.47e-05 earthnote 1596511964.59522 1                                                                                                                      
 BRA25 3   17079      Pg    0.8749 0.0100  5.0 30.0 4 0  7.46e-05 earthnote 1596511967.23007 1                                                                                                                      
 BRA25 3   17080      Pg    0.9705 0.0100  5.0 30.0 4 0  9.47e-05 earthnote 1596511969.62773 1                                                                                                                      
 BRA25 3   17081      Pg    1.0804 0.0100  5.0 30.0 4 0  1.15e-04 earthnote 1596511972.89481 1                                                                                                                      
 BRA25 3   17082      Pg    1.2048 0.0100  5.0 30.0 4 0  1.35e-04 earthnote 1596511974.71231 1                                                                                                                      
 BRA25 3   17083      Pg    1.3313 0.0100  5.0 30.0 4 0  1.55e-04 earthnote 1596511977.17248 1                                                                                                                      
 BRA25 3   17084      Pg    1.4295 0.0100  5.0 30.0 4 0  1.75e-04 earthnote 1596511982.08648 1                                                                                                                      
 BRA25 3   17085      Pg    1.5269 0.0100  5.0 30.0 4 0  1.95e-04 earthnote 1596511984.50659 1                                                                                                                      
 BRA25 3   17086      Pg    1.6320 0.0100  5.0 30.0 4 0  2.15e-04 earthnote 1596511987.51253 1                                                                                                                      
 BRA25 3   17087      Pg    1.7338 0.0100  5.0 30.0 4 0  2.35e-04 earthnote 1596511990.87515 1                                                                                                                      
 BRA25 3   17088      Pg    1.8359 0.0100  5.0 30.0 4 0  2.55e-04 earthnote 1596511993.36724 1                                                                                                                      
 BRA25 3   17089      Pg    1.9255 0.0100  5.0 30.0 4 0  2.75e-04 earthnote 1596511994.91154 1                                                                                                                      
 BRA25 3   17090      Pg    2.0258 0.0100  5.0 30.0 4 0  2.95e-04 earthnote 1596511998.30459 1                                                                                                                      
 BRA25 3   17091      Pg    2.1056 0.0100  5.0 30.0 4 0  3.15e-04 earthnote 1596512001.76348 1                                                                                                                      
 BRA25 3   17092      Pg    2.1809 0.0100  5.0 30.0 4 0  3.35e-04 earthnote 1596512003.62995 1                                                                                                                      
 BRA25 3   17093      Pg    2.2396 0.0100  5.0 30.0 4 0  3.55e-04 earthnote 1596512007.08027 1                                                                                                                      
 BRA25 3   17094      Pg    2.3022 0.0100  5.0 30.0 4 0  3.75e-04 earthnote 1596512012.19530 1                                                                                                                      
 BRA25 3   17095      Pg    2.3715 0.0100  5.0 30.0 4 0  3.95e-04 earthnote 1596512015.93654 1                                                                                                                      
 BRA25 3   17096      Pg    2.4434 0.0100  5.0 30.0 4 0  4.15e-04 earthnote 1596512017.98744 1                                                                                                                      
 BRA25 3   17097      Pg    2.5122 0.0100  5.0 30.0 4 0  4.35e-04 earthnote 1596512019.36927 1                                                                                                                      
 BRA25 3   17098      Pg    2.5888 0.0100  5.0 30.0 4 0  4.55e-04 earthnote 1596512022.68830 1                                                                                                                      
 BRA25 3   17099      Pg    2.6428 0.0100  5.0 30.0 4 0  4.75e-04 earthnote 1596512025.24452 1                                                                                                                      
 BRA25 3   17100      Pg    2.7063 0.0100  5.0 30.0 4 0  4.95e-04 earthnote 1596512026.61724 1                                                                                                                      
 BRA25 3   17101      Pg    2.7660 0.0100  5.0 30.0 4 0  5.15e-04 earthnote 1596512029.14629 1                                                                                                                      
 BRA25 3   17102      Pg    2.8346 0.0100  5.0 30.0 4 0  5.35e-04 earthnote 1596512031.79138 1                                                                                                                      
 BRA25 3   17103      Pg    2.9001 0.0100  5.0 30.0 4 0  5.55e-04 earthnote 1596512054.85213 1                                                                                                                      
 BRA25 3   17104      Pg    2.9644 0.0100  5.0 30.0 4 0  5.75e-04 earthnote 1596512048.29746 1                                                                                                                      
 BRA25 3   17105      Pg    3.0309 0.0100  5.0 30.0 4 0  5.95e-04 earthnote 1596512045.53642 1                                                                                                                      
 BRA25 3   17106      Pg    3.0963 0.0100  5.0 30.0 4 0  6.15e-04 earthnote 1596512043.70254 1                                                                                                                      
