 BRA20 3   17008      Pg    3.1327 0.0100  5.0 30.0 4 0  7.79e-04 earthnote 1596510207.05463 1                                                                                                                      
 BRA20 3   17009      Pg    3.0984 0.0100  5.0 30.0 4 0  7.61e-04 earthnote 1596510208.62996 1                                                                                                                      
 BRA20 3   17010      Pg    3.0560 0.0100  5.0 30.0 4 0  7.42e-04 earthnote 1596510213.60832 1                                                                                                                      
 BRA20 3   17011      Pg    3.0130 0.0100  5.0 30.0 4 0  7.24e-04 earthnote 1596510211.05597 1                                                                                                                      
 BRA20 3   17012      Pg    2.9807 0.0100  5.0 30.0 4 0  7.06e-04 earthnote 1596510215.51940 1                                                                                                                      
 BRA20 3   17013      Pg    2.9487 0.0100  5.0 30.0 4 0  6.88e-04 earthnote 1596510217.73133 1                                                                                                                      
 BRA20 3   17014      Pg    2.9026 0.0100  5.0 30.0 4 0  6.70e-04 earthnote 1596510220.96562 1                                                                                                                      
 BRA20 3   17015      Pg    2.8639 0.0100  5.0 30.0 4 0  6.52e-04 earthnote 1596510222.40578 1                                                                                                                      
 BRA20 3   17017      Pg    2.7977 0.0100  5.0 30.0 4 0  6.17e-04 earthnote 1596510224.66208 1                                                                                                                      
 BRA20 3   17018      Pg    2.7608 0.0100  5.0 30.0 4 0  5.99e-04 earthnote 1596510226.82850 1                                                                                                                      
 BRA20 3   17019      Pg    2.7268 0.0100  5.0 30.0 4 0  5.82e-04 earthnote 1596510228.06290 1                                                                                                                      
 BRA20 3   17020      Pg    2.6893 0.0100  5.0 30.0 4 0  5.65e-04 earthnote 1596510230.25796 1                                                                                                                      
 BRA20 3   17021      Pg    2.6485 0.0100  5.0 30.0 4 0  5.48e-04 earthnote 1596510232.59374 1                                                                                                                      
 BRA20 3   17022      Pg    2.6110 0.0100  5.0 30.0 4 0  5.31e-04 earthnote 1596510234.19776 1                                                                                                                      
 BRA20 3   17023      Pg    2.5689 0.0100  5.0 30.0 4 0  5.15e-04 earthnote 1596510236.45824 1                                                                                                                      
 BRA20 3   17024      Pg    2.5291 0.0100  5.0 30.0 4 0  4.99e-04 earthnote 1596510241.49197 1                                                                                                                      
 BRA20 3   17025      Pg    2.4942 0.0100  5.0 30.0 4 0  4.83e-04 earthnote 1596510239.24942 1                                                                                                                      
 BRA20 3   17026      Pg    2.4475 0.0100  5.0 30.0 4 0  4.67e-04 earthnote 1596510243.82479 1                                                                                                                      
 BRA20 3   17027      Pg    2.4032 0.0100  5.0 30.0 4 0  4.52e-04 earthnote 1596510249.32036 1                                                                                                                      
 BRA20 3   17028      Pg    2.3685 0.0100  5.0 30.0 4 0  4.37e-04 earthnote 1596510250.58400 1                                                                                                                      
 BRA20 3   17029      Pg    2.3313 0.0100  5.0 30.0 4 0  4.22e-04 earthnote 1596510253.18514 1                                                                                                                      
 BRA20 3   17030      Pg    2.2959 0.0100  5.0 30.0 4 0  4.08e-04 earthnote 1596510255.29362 1                                                                                                                      
 BRA20 3   17031      Pg    2.2599 0.0100  5.0 30.0 4 0  3.95e-04 earthnote 1596510258.12141 1                                                                                                                      
 BRA20 3   17032      Pg    2.2319 0.0100  5.0 30.0 4 0  3.82e-04 earthnote 1596510260.65971 1                                                                                                                      
 BRA20 3   17033      Pg    2.1923 0.0100  5.0 30.0 4 0  3.70e-04 earthnote 1596510262.99291 1                                                                                                                      
 BRA20 3   17034      Pg    2.1720 0.0100  5.0 30.0 4 0  3.58e-04 earthnote 1596510264.99344 1                                                                                                                      
 BRA20 3   17035      Pg    2.1441 0.0100  5.0 30.0 4 0  3.48e-04 earthnote 1596510268.28657 1                                                                                                                      
 BRA20 3   17036      Pg    2.1122 0.0100  5.0 30.0 4 0  3.38e-04 earthnote 1596510271.05202 1                                                                                                                      
 BRA20 3   17037      Pg    2.0874 0.0100  5.0 30.0 4 0  3.29e-04 earthnote 1596510275.69143 1                                                                                                                      
 BRA20 3   17038      Pg    2.0742 0.0100  5.0 30.0 4 0  3.20e-04 earthnote 1596510278.48675 1                                                                                                                      
 BRA20 3   17039      Pg    2.0539 0.0100  5.0 30.0 4 0  3.13e-04 earthnote 1596510281.77275 1                                                                                                                      
 BRA20 3   17040      Pg    2.0325 0.0100  5.0 30.0 4 0  3.08e-04 earthnote 1596510283.88310 1                                                                                                                      
 BRA20 3   17041      Pg    2.0121 0.0100  5.0 30.0 4 0  3.03e-04 earthnote 1596510287.77307 1                                                                                                                      
 BRA20 3   17042      Pg    1.9894 0.0100  5.0 30.0 4 0  3.00e-04 earthnote 1596510290.50687 1                                                                                                                      
 BRA20 3   17043      Pg    1.9940 0.0100  5.0 30.0 4 0  2.98e-04 earthnote 1596510292.24371 1                                                                                                                      
 BRA20 3   17044      Pg    1.9883 0.0100  5.0 30.0 4 0  2.97e-04 earthnote 1596510294.44395 1                                                                                                                      
 BRA20 3   17045      Pg    1.9885 0.0100  5.0 30.0 4 0  2.97e-04 earthnote 1596510297.14448 1                                                                                                                      
 BRA20 3   17046      Pg    1.9846 0.0100  5.0 30.0 4 0  3.00e-04 earthnote 1596510299.06721 1                                                                                                                      
 BRA20 3   17047      Pg    2.0019 0.0100  5.0 30.0 4 0  3.03e-04 earthnote 1596510301.57416 1                                                                                                                      
 BRA20 3   17048      Pg    2.0154 0.0100  5.0 30.0 4 0  3.08e-04 earthnote 1596510305.04463 1                                                                                                                      
 BRA20 3   17049      Pg    2.0154 0.0100  5.0 30.0 4 0  3.14e-04 earthnote 1596510308.55079 1                                                                                                                      
 BRA20 3   17050      Pg    2.0150 0.0100  5.0 30.0 4 0  3.21e-04 earthnote 1596510310.51256 1                                                                                                                      
 BRA20 3   17051      Pg    2.0217 0.0100  5.0 30.0 4 0  3.29e-04 earthnote 1596510319.05212 1                                                                                                                      
 BRA20 3   17052      Pg    2.0265 0.0100  5.0 30.0 4 0  3.38e-04 earthnote 1596510322.05450 1                                                                                                                      
 BRA20 3   17053      Pg    2.0437 0.0100  5.0 30.0 4 0  3.48e-04 earthnote 1596510325.85630 1                                                                                                                      
 BRA20 3   17054      Pg    2.0357 0.0100  5.0 30.0 4 0  3.58e-04 earthnote 1596510329.05517 1                                                                                                                      
 BRA20 3   17055      Pg    2.0299 0.0100  5.0 30.0 4 0  3.70e-04 earthnote 1596510330.94666 1                                                                                                                      
 BRA20 3   17056      Pg    2.0314 0.0100  5.0 30.0 4 0  3.82e-04 earthnote 1596510333.43621 1                                                                                                                      
 BRA20 3   17058      Pg    2.0448 0.0100  5.0 30.0 4 0  4.09e-04 earthnote 1596510336.07284 1                                                                                                                      
 BRA20 3   17059      Pg    2.0350 0.0100  5.0 30.0 4 0  4.22e-04 earthnote 1596510338.19421 1                                                                                                                      
 BRA20 3   17060      Pg    2.0430 0.0100  5.0 30.0 4 0  4.37e-04 earthnote 1596510340.61379 1                                                                                                                      
 BRA20 3   17061      Pg    2.0570 0.0100  5.0 30.0 4 0  4.52e-04 earthnote 1596510346.80307 1                                                                                                                      
 BRA20 3   17062      Pg    2.0899 0.0100  5.0 30.0 4 0  4.67e-04 earthnote 1596510349.48973 1                                                                                                                      
 BRA20 3   17063      Pg    2.1364 0.0100  5.0 30.0 4 0  4.82e-04 earthnote 1596510352.28113 1                                                                                                                      
 BRA20 3   17064      Pg    2.1864 0.0100  5.0 30.0 4 0  4.99e-04 earthnote 1596510358.33123 1                                                                                                                      
 BRA20 3   17065      Pg    2.2277 0.0100  5.0 30.0 4 0  5.15e-04 earthnote 1596510356.18561 1                                                                                                                      
 BRA20 3   17066      Pg    2.2780 0.0100  5.0 30.0 4 0  5.31e-04 earthnote 1596510366.76680 1                                                                                                                      
 BRA20 3   17067      Pg    2.3359 0.0100  5.0 30.0 4 0  5.48e-04 earthnote 1596510364.18276 1                                                                                                                      
 BRA20 3   17068      Pg    2.3893 0.0100  5.0 30.0 4 0  5.65e-04 earthnote 1596510368.98633 1                                                                                                                      
 BRA20 3   17069      Pg    2.4599 0.0100  5.0 30.0 4 0  5.82e-04 earthnote 1596510371.59023 1                                                                                                                      
 BRA20 3   17070      Pg    2.5281 0.0100  5.0 30.0 4 0  5.99e-04 earthnote 1596510373.78939 1                                                                                                                      
