 BRA15 5    7071     Pb2    3.6925 0.0075  3.0 12.0 4 0  1.07e-03 earthnote 1619558787.66777 1                                                                                                                      
 BRA15 5    7072     Pb2    3.7083 0.0075  3.0 12.0 4 0  1.08e-03 earthnote 1619558789.24712 1                                                                                                                      
 BRA15 5    7073     Pb2    3.7321 0.0075  3.0 12.0 4 0  1.09e-03 earthnote 1619558790.46459 1                                                                                                                      
 BRA15 5    7074     Pb2    3.7692 0.0075  3.0 12.0 4 0  1.11e-03 earthnote 1619558791.52328 1                                                                                                                      
 BRA15 5    7075     Pb2    3.7986 0.0075  3.0 12.0 4 0  1.12e-03 earthnote 1619558792.77192 1                                                                                                                      
 BRA15 5    7076     Pb2    3.8275 0.0075  3.0 12.0 4 0  1.14e-03 earthnote 1619558798.01871 1                                                                                                                      
 BRA15 5    7077     Pb2    3.8461 0.0075  3.0 12.0 4 0  1.15e-03 earthnote 1619558799.08225 1                                                                                                                      
 BRA15 5    7078     Pb2    3.8867 0.0075  3.0 12.0 4 0  1.16e-03 earthnote 1619558800.69225 1                                                                                                                      
 BRA15 5    7079     Pb2    3.9359 0.0075  3.0 12.0 4 0  1.18e-03 earthnote 1619558801.51253 1                                                                                                                      
 BRA15 5    7080     Pb2    3.9687 0.0075  3.0 12.0 4 0  1.19e-03 earthnote 1619558802.92074 1                                                                                                                      
 BRA15 5    7081     Pb2    4.0123 0.0075  3.0 12.0 4 0  1.21e-03 earthnote 1619558803.93079 1                                                                                                                      
 BRA15 5    7082     Pb2    4.0368 0.0075  3.0 12.0 4 0  1.22e-03 earthnote 1619558811.12287 1                                                                                                                      
 BRA15 5    7083     Pb2    4.0724 0.0075  3.0 12.0 4 0  1.24e-03 earthnote 1619558819.72731 1                                                                                                                      
 BRA15 5    7084     Pb2    4.1026 0.0075  3.0 12.0 4 0  1.25e-03 earthnote 1619558820.84219 1                                                                                                                      
 BRA15 5    7085     Pb2    4.1335 0.0075  3.0 12.0 4 0  1.27e-03 earthnote 1619558821.53674 1                                                                                                                      
 BRA15 5    7086     Pb2    4.1654 0.0075  3.0 12.0 4 0  1.28e-03 earthnote 1619558822.76408 1                                                                                                                      
 BRA15 5    7087     Pb2    4.2042 0.0075  3.0 12.0 4 0  1.30e-03 earthnote 1619558823.90144 1                                                                                                                      
 BRA15 5    7088     Pb2    4.2457 0.0075  3.0 12.0 4 0  1.32e-03 earthnote 1619558824.65501 1                                                                                                                      
 BRA15 5    7089     Pb2    4.2822 0.0075  3.0 12.0 4 0  1.33e-03 earthnote 1619558826.25047 1                                                                                                                      
 BRA15 5    7090     Pb2    4.3289 0.0075  3.0 12.0 4 0  1.35e-03 earthnote 1619558828.51607 1                                                                                                                      
 BRA15 5    7091     Pb2    4.3638 0.0075  3.0 12.0 4 0  1.36e-03 earthnote 1619558829.85866 1                                                                                                                      
 BRA15 5    7092     Pb2    4.4029 0.0075  3.0 12.0 4 0  1.38e-03 earthnote 1619558830.73944 1                                                                                                                      
 BRA15 5    7093     Pb2    4.4424 0.0075  3.0 12.0 4 0  1.40e-03 earthnote 1619558831.49405 1                                                                                                                      
 BRA15 5    7094     Pb2    4.4857 0.0075  3.0 12.0 4 0  1.41e-03 earthnote 1619558832.13821 1                                                                                                                      
 BRA15 5    7095     Pb2    4.5282 0.0075  3.0 12.0 4 0  1.43e-03 earthnote 1619558832.74256 1                                                                                                                      
 BRA15 5    7096     Pb2    4.5711 0.0075  3.0 12.0 4 0  1.45e-03 earthnote 1619558833.65145 1                                                                                                                      
 BRA15 5    7097     Pb2    4.6199 0.0075  3.0 12.0 4 0  1.46e-03 earthnote 1619558854.39497 1                                                                                                                      
 BRA15 5    7098     Pb2    4.6642 0.0075  3.0 12.0 4 0  1.48e-03 earthnote 1619558853.55241 1                                                                                                                      
 BRA15 5    7099     Pb2    4.7060 0.0075  3.0 12.0 4 0  1.50e-03 earthnote 1619558852.89615 1                                                                                                                      
 BRA15 5    7100     Pb2    4.7498 0.0075  3.0 12.0 4 0  1.51e-03 earthnote 1619558851.97461 1                                                                                                                      
 BRA15 5    7101     Pb2    4.7842 0.0075  3.0 12.0 4 0  1.53e-03 earthnote 1619558851.35239 1                                                                                                                      
 BRA15 5    7102     Pb2    4.8144 0.0075  3.0 12.0 4 0  1.55e-03 earthnote 1619558849.53131 1                                                                                                                      
 BRA15 5    7103     Pb2    4.8435 0.0075  3.0 12.0 4 0  1.56e-03 earthnote 1619558850.45512 1                                                                                                                      
 BRA15 5    7104     Pb2    4.8692 0.0075  3.0 12.0 4 0  1.58e-03 earthnote 1619558848.60785 1                                                                                                                      
 BRA15 5    7105     Pb2    4.9028 0.0075  3.0 12.0 4 0  1.60e-03 earthnote 1619558847.52621 1                                                                                                                      
 BRA15 5    7106     Pb2    4.9394 0.0075  3.0 12.0 4 0  1.62e-03 earthnote 1619558839.94020 1                                                                                                                      
 BRA15 5    9075     Pb2    3.4767 0.0150  3.0 12.0 4 0  1.05e-03 earthnote 1619559045.20920 1                                                                                                                      
 BRA15 5    9076     Pb2    3.5194 0.0150  3.0 12.0 4 0  1.07e-03 earthnote 1619559042.78293 1                                                                                                                      
 BRA15 5    9077     Pb2    3.5630 0.0150  3.0 12.0 4 0  1.08e-03 earthnote 1619559044.02335 1                                                                                                                      
 BRA15 5    9078     Pb2    3.6112 0.0150  3.0 12.0 4 0  1.10e-03 earthnote 1619559035.60393 1                                                                                                                      
 BRA15 5    9079     Pb2    3.6596 0.0150  3.0 12.0 4 0  1.11e-03 earthnote 1619559034.58971 1                                                                                                                      
 BRA15 5    9080     Pb2    3.7142 0.0150  3.0 12.0 4 0  1.13e-03 earthnote 1619559033.77190 1                                                                                                                      
 BRA15 5    9081     Pb2    3.7724 0.0150  3.0 12.0 4 0  1.14e-03 earthnote 1619559032.90564 1                                                                                                                      
 BRA15 5    9082     Pb2    3.8243 0.0150  3.0 12.0 4 0  1.16e-03 earthnote 1619559031.97013 1                                                                                                                      
 BRA15 5    9083     Pb2    3.8802 0.0150  3.0 12.0 4 0  1.18e-03 earthnote 1619559031.20157 1                                                                                                                      
 BRA15 5    9084     Pb2    3.9281 0.0150  3.0 12.0 4 0  1.19e-03 earthnote 1619559028.00298 1                                                                                                                      
 BRA15 5    9085     Pb2    3.9740 0.0150  3.0 12.0 4 0  1.21e-03 earthnote 1619559025.46892 1                                                                                                                      
 BRA15 5    9086     Pb2    4.0259 0.0150  3.0 12.0 4 0  1.22e-03 earthnote 1619559024.70232 1                                                                                                                      
 BRA15 5    9087     Pb2    4.0608 0.0150  3.0 12.0 4 0  1.24e-03 earthnote 1619559023.80189 1                                                                                                                      
 BRA15 5    9088     Pb2    4.0984 0.0150  3.0 12.0 4 0  1.26e-03 earthnote 1619559022.11139 1                                                                                                                      
 BRA15 5    9089     Pb2    4.1400 0.0150  3.0 12.0 4 0  1.27e-03 earthnote 1619559020.92195 1                                                                                                                      
 BRA15 5    9090     Pb2    4.1794 0.0150  3.0 12.0 4 0  1.29e-03 earthnote 1619559005.20690 1                                                                                                                      
 BRA15 5    9091     Pb2    4.2180 0.0150  3.0 12.0 4 0  1.31e-03 earthnote 1619559006.02396 1                                                                                                                      
 BRA15 5    9092     Pb2    4.2585 0.0150  3.0 12.0 4 0  1.32e-03 earthnote 1619559006.87251 1                                                                                                                      
 BRA15 5    9093     Pb2    4.2988 0.0150  3.0 12.0 4 0  1.34e-03 earthnote 1619559007.89867 1                                                                                                                      
 BRA15 5    9094     Pb2    4.3384 0.0150  3.0 12.0 4 0  1.36e-03 earthnote 1619559008.92379 1                                                                                                                      
 BRA15 5    9095     Pb2    4.3818 0.0150  3.0 12.0 4 0  1.38e-03 earthnote 1619559010.08574 1                                                                                                                      
 BRA15 5    9096     Pb2    4.4248 0.0150  3.0 12.0 4 0  1.39e-03 earthnote 1619559010.85476 1                                                                                                                      
 BRA15 5    9097     Pb2    4.4750 0.0150  3.0 12.0 4 0  1.41e-03 earthnote 1619559012.00976 1                                                                                                                      
 BRA15 5    9098     Pb2    4.5272 0.0150  3.0 12.0 4 0  1.43e-03 earthnote 1619559018.35451 1                                                                                                                      
 BRA15 5    9099     Pb2    4.5672 0.0150  3.0 12.0 4 0  1.45e-03 earthnote 1619559016.41621 1                                                                                                                      
 BRA15 5    9100     Pb2    4.6129 0.0150  3.0 12.0 4 0  1.46e-03 earthnote 1619558992.08285 1                                                                                                                      
 BRA15 5    9101     Pb2    4.6485 0.0150  3.0 12.0 4 0  1.48e-03 earthnote 1619558986.35448 1                                                                                                                      
 BRA15 5    9102     Pb2    4.6806 0.0150  3.0 12.0 4 0  1.50e-03 earthnote 1619558983.99909 1                                                                                                                      
 BRA15 5    9103     Pb2    4.7161 0.0150  3.0 12.0 4 0  1.52e-03 earthnote 1619558982.43804 1                                                                                                                      
 BRA15 5    9104     Pb2    4.7468 0.0150  3.0 12.0 4 0  1.53e-03 earthnote 1619558981.30646 1                                                                                                                      
 BRA15 5    9105     Pb2    4.7754 0.0150  3.0 12.0 4 0  1.55e-03 earthnote 1619558980.16108 1                                                                                                                      
 BRA15 5    9106     Pb2    4.8164 0.0150  3.0 12.0 4 0  1.57e-03 earthnote 1619558979.48622 1                                                                                                                      
