 BRA13 4    9077    dpb1    4.1841 0.0150  3.0 12.0 4 0  6.76e-03 earthnote 1620228297.62745 1                                                                                                                      
 BRA13 4    9078    dpb1    4.2380 0.0150  3.0 12.0 4 0  6.84e-03 earthnote 1620228298.52416 1                                                                                                                      
 BRA13 4    9079    dpb1    4.3079 0.0150  3.0 12.0 4 0  6.93e-03 earthnote 1620228299.54523 1                                                                                                                      
 BRA13 4    9080    dpb1    4.3718 0.0150  3.0 12.0 4 0  7.02e-03 earthnote 1620228300.22301 1                                                                                                                      
 BRA13 4    9081    dpb1    4.4456 0.0150  3.0 12.0 4 0  7.11e-03 earthnote 1620228301.01215 1                                                                                                                      
 BRA13 4    9082    dpb1    4.5125 0.0150  3.0 12.0 4 0  7.20e-03 earthnote 1620228301.87624 1                                                                                                                      
 BRA13 4    9083    dpb1    4.5843 0.0150  3.0 12.0 4 0  1.46e-03 earthnote 1620228183.35715 1                                                                                                                      
 BRA13 4    9084    dpb1    4.6125 0.0150  3.0 12.0 4 0  1.48e-03 earthnote 1620228184.13747 1                                                                                                                      
 BRA13 4    9085    dpb1    4.6514 0.0150  3.0 12.0 4 0  1.49e-03 earthnote 1620228185.25103 1                                                                                                                      
 BRA13 4    9086    dpb1    4.6808 0.0150  3.0 12.0 4 0  1.51e-03 earthnote 1620228186.54008 1                                                                                                                      
 BRA13 4    9087    dpb1    4.6995 0.0150  3.0 12.0 4 0  1.53e-03 earthnote 1620228187.49932 1                                                                                                                      
 BRA13 4    9088    dpb1    4.7237 0.0150  3.0 12.0 4 0  1.55e-03 earthnote 1620228188.13293 1                                                                                                                      
 BRA13 4    9089    dpb1    4.7500 0.0150  3.0 12.0 4 0  1.57e-03 earthnote 1620228189.14569 1                                                                                                                      
 BRA13 4    9090    dpb1    4.7718 0.0150  3.0 12.0 4 0  1.58e-03 earthnote 1620228190.04181 1                                                                                                                      
 BRA13 4    9091    dpb1    4.7937 0.0150  3.0 12.0 4 0  1.60e-03 earthnote 1620228191.25167 1                                                                                                                      
 BRA13 4    9092    dpb1    4.8326 0.0150  3.0 12.0 4 0  1.62e-03 earthnote 1620228192.16421 1                                                                                                                      
 BRA13 4    9093    dpb1    4.8651 0.0150  3.0 12.0 4 0  1.64e-03 earthnote 1620228192.96653 1                                                                                                                      
 BRA13 4    9094    dpb1    4.8990 0.0150  3.0 12.0 4 0  1.66e-03 earthnote 1620228205.72064 1                                                                                                                      
 BRA13 4    9095    dpb1    4.9323 0.0150  3.0 12.0 4 0  1.68e-03 earthnote 1620228204.64943 1                                                                                                                      
 BRA13 4    9096    dpb1    4.9671 0.0150  3.0 12.0 4 0  1.69e-03 earthnote 1620228203.28387 1                                                                                                                      
 BRA13 4    9097    dpb1    5.0008 0.0150  3.0 12.0 4 0  1.71e-03 earthnote 1620228201.54607 1                                                                                                                      
 BRA13 4    9098    dpb1    5.0451 0.0150  3.0 12.0 4 0  1.73e-03 earthnote 1620228209.23561 1                                                                                                                      
 BRA13 4    9099    dpb1    5.0862 0.0150  3.0 12.0 4 0  1.75e-03 earthnote 1620228210.71163 1                                                                                                                      
 BRA13 4    9100    dpb1    5.1296 0.0150  3.0 12.0 4 0  1.77e-03 earthnote 1620228211.46413 1                                                                                                                      
 BRA13 4    9101    dpb1    5.1660 0.0150  3.0 12.0 4 0  1.79e-03 earthnote 1620228212.54710 1                                                                                                                      
 BRA13 4    9102    dpb1    5.2040 0.0150  3.0 12.0 4 0  1.81e-03 earthnote 1620228216.99832 1                                                                                                                      
 BRA13 4    9103    dpb1    5.2366 0.0150  3.0 12.0 4 0  1.82e-03 earthnote 1620228218.40024 1                                                                                                                      
 BRA13 4    9104    dpb1    5.2665 0.0150  3.0 12.0 4 0  1.84e-03 earthnote 1620228219.38826 1                                                                                                                      
 BRA13 4    9105    dpb1    5.3064 0.0150  3.0 12.0 4 0  1.86e-03 earthnote 1620228220.11384 1                                                                                                                      
 BRA13 4    9106    dpb1    5.3398 0.0150  3.0 12.0 4 0  1.88e-03 earthnote 1620228220.98913 1                                                                                                                      
 BRA13 5   10062    dpb1    3.6536 0.0100  3.0 12.0 4 0  3.21e-03 earthnote 1620139458.00458 1                                                                                                                      
 BRA13 5   10063    dpb1    3.6619 0.0100  3.0 12.0 4 0  3.25e-03 earthnote 1620139455.48387 1                                                                                                                      
 BRA13 5   10064    dpb1    3.6733 0.0100  3.0 12.0 4 0  3.30e-03 earthnote 1620139454.23845 1                                                                                                                      
 BRA13 5   10065    dpb1    3.6914 0.0100  3.0 12.0 4 0  3.36e-03 earthnote 1620139453.28752 1                                                                                                                      
 BRA13 5   10066    dpb1    3.7057 0.0100  3.0 12.0 4 0  3.41e-03 earthnote 1620139503.00811 1                                                                                                                      
 BRA13 5   10067    dpb1    3.7201 0.0100  3.0 12.0 4 0  3.46e-03 earthnote 1620139499.55473 1                                                                                                                      
 BRA13 5   10068    dpb1    3.7362 0.0100  3.0 12.0 4 0  3.51e-03 earthnote 1620139506.87165 1                                                                                                                      
 BRA13 5   10069    dpb1    3.7544 0.0100  3.0 12.0 4 0  3.56e-03 earthnote 1620139447.39783 1                                                                                                                      
 BRA13 5   10070    dpb1    3.7932 0.0100  3.0 12.0 4 0  3.61e-03 earthnote 1620139509.86687 1                                                                                                                      
 BRA13 5   10071    dpb1    3.8260 0.0100  3.0 12.0 4 0  3.66e-03 earthnote 1620139444.48071 1                                                                                                                      
 BRA13 5   10072    dpb1    3.8536 0.0100  3.0 12.0 4 0  3.72e-03 earthnote 1620139443.52686 1                                                                                                                      
 BRA13 5   10073    dpb1    3.8981 0.0100  3.0 12.0 4 0  3.77e-03 earthnote 1620139442.65594 1                                                                                                                      
 BRA13 5   10074    dpb1    3.9269 0.0100  3.0 12.0 4 0  3.82e-03 earthnote 1620139441.50983 1                                                                                                                      
 BRA13 5   10075    dpb1    3.9829 0.0100  3.0 12.0 4 0  3.87e-03 earthnote 1620139440.31414 1                                                                                                                      
 BRA13 5   10076    dpb1    4.0121 0.0100  3.0 12.0 4 0  3.93e-03 earthnote 1620139439.27574 1                                                                                                                      
 BRA13 5   10077    dpb1    4.0500 0.0100  3.0 12.0 4 0  3.98e-03 earthnote 1620139438.42847 1                                                                                                                      
 BRA13 5   10078    dpb1    4.0851 0.0100  3.0 12.0 4 0  4.03e-03 earthnote 1620139437.16103 1                                                                                                                      
 BRA13 5   10079    dpb1    4.1353 0.0100  3.0 12.0 4 0  4.09e-03 earthnote 1620139435.63153 1                                                                                                                      
 BRA13 5   10080    dpb1    4.1794 0.0100  3.0 12.0 4 0  4.14e-03 earthnote 1620139434.25503 1                                                                                                                      
 BRA13 5   10081    dpb1    4.2444 0.0100  3.0 12.0 4 0  4.20e-03 earthnote 1620139432.32109 1                                                                                                                      
 BRA13 5   10082    dpb1    4.3036 0.0100  3.0 12.0 4 0  4.25e-03 earthnote 1620139430.52161 1                                                                                                                      
 BRA13 5   10083    dpb1    4.3676 0.0100  3.0 12.0 4 0  4.30e-03 earthnote 1620139427.28322 1                                                                                                                      
 BRA13 5   10084    dpb1    4.4210 0.0100  3.0 12.0 4 0  4.36e-03 earthnote 1620139422.87102 1                                                                                                                      
 BRA13 5   10085    dpb1    4.4847 0.0100  3.0 12.0 4 0  4.42e-03 earthnote 1620139421.85956 1                                                                                                                      
 BRA13 5   10086    dpb1    4.5436 0.0100  3.0 12.0 4 0  4.47e-03 earthnote 1620139486.40071 1                                                                                                                      
 BRA13 5   10087    dpb1    4.5760 0.0100  3.0 12.0 4 0  4.52e-03 earthnote 1620139485.01456 1                                                                                                                      
 BRA13 5   10088    dpb1    4.6150 0.0100  3.0 12.0 4 0  4.58e-03 earthnote 1620139417.92637 1                                                                                                                      
 BRA13 5   10089    dpb1    4.6512 0.0100  3.0 12.0 4 0  4.64e-03 earthnote 1620139416.92576 1                                                                                                                      
 BRA13 5   10090    dpb1    4.6923 0.0100  3.0 12.0 4 0  4.69e-03 earthnote 1620139490.79720 1                                                                                                                      
 BRA13 5   10091    dpb1    4.7342 0.0100  3.0 12.0 4 0  4.75e-03 earthnote 1620139479.36744 1                                                                                                                      
 BRA13 5   10092    dpb1    4.7722 0.0100  3.0 12.0 4 0  4.80e-03 earthnote 1620139476.80385 1                                                                                                                      
 BRA13 5   10093    dpb1    4.8079 0.0100  3.0 12.0 4 0  4.86e-03 earthnote 1620139477.85251 1                                                                                                                      
 BRA13 5   10094    dpb1    4.8402 0.0100  3.0 12.0 4 0  4.91e-03 earthnote 1620139407.32027 1                                                                                                                      
 BRA13 5   10095    dpb1    4.8825 0.0100  3.0 12.0 4 0  4.97e-03 earthnote 1620139406.56766 1                                                                                                                      
 BRA13 5   10096    dpb1    4.9217 0.0100  3.0 12.0 4 0  5.02e-03 earthnote 1620139405.59570 1                                                                                                                      
 BRA13 5   10097    dpb1    4.9679 0.0100  3.0 12.0 4 0  5.08e-03 earthnote 1620139404.34771 1                                                                                                                      
 BRA13 5   10098    dpb1    5.0114 0.0100  3.0 12.0 4 0  5.14e-03 earthnote 1620139403.54764 1                                                                                                                      
 BRA13 5   10099    dpb1    5.0576 0.0100  3.0 12.0 4 0  5.19e-03 earthnote 1620139402.75123 1                                                                                                                      
 BRA13 5   10100    dpb1    5.0924 0.0100  3.0 12.0 4 0  5.25e-03 earthnote 1620139401.88022 1                                                                                                                      
 BRA13 5   10101    dpb1    5.1261 0.0100  3.0 12.0 4 0  5.31e-03 earthnote 1620139400.99109 1                                                                                                                      
 BRA13 5   10102    dpb1    5.1623 0.0100  3.0 12.0 4 0  5.36e-03 earthnote 1620139400.31721 1                                                                                                                      
 BRA13 5   10103    dpb1    5.1948 0.0100  3.0 12.0 4 0  5.42e-03 earthnote 1620139399.31593 1                                                                                                                      
 BRA13 5   10104    dpb1    5.2310 0.0100  3.0 12.0 4 0  5.48e-03 earthnote 1620139397.13584 1                                                                                                                      
 BRA13 5   10105    dpb1    5.2645 0.0100  3.0 12.0 4 0  5.53e-03 earthnote 1620139396.27210 1                                                                                                                      
 BRA13 5   10106    dpb1    5.2982 0.0100  3.0 12.0 4 0  5.59e-03 earthnote 1620139395.25883 1                                                                                                                      
 BRA13 5   11066    dpb1    3.6114 0.0100  3.0 12.0 4 0  3.33e-03 earthnote 1620139600.57716 1                                                                                                                      
 BRA13 5   11067    dpb1    3.6145 0.0100  3.0 12.0 4 0  3.38e-03 earthnote 1620139606.11088 1                                                                                                                      
 BRA13 5   11068    dpb1    3.6389 0.0100  3.0 12.0 4 0  3.44e-03 earthnote 1620139597.46824 1                                                                                                                      
 BRA13 5   11069    dpb1    3.6699 0.0100  3.0 12.0 4 0  3.49e-03 earthnote 1620139596.49210 1                                                                                                                      
 BRA13 5   11070    dpb1    3.6980 0.0100  3.0 12.0 4 0  3.54e-03 earthnote 1620139595.29144 1                                                                                                                      
 BRA13 5   11071    dpb1    3.7241 0.0100  3.0 12.0 4 0  3.60e-03 earthnote 1620139593.44762 1                                                                                                                      
 BRA13 5   11072    dpb1    3.7689 0.0100  3.0 12.0 4 0  3.65e-03 earthnote 1620139594.35276 1                                                                                                                      
 BRA13 5   11073    dpb1    3.8138 0.0100  3.0 12.0 4 0  3.70e-03 earthnote 1620139592.60762 1                                                                                                                      
 BRA13 5   11074    dpb1    3.8441 0.0100  3.0 12.0 4 0  3.76e-03 earthnote 1620139591.56468 1                                                                                                                      
 BRA13 5   11075    dpb1    3.8904 0.0100  3.0 12.0 4 0  3.81e-03 earthnote 1620139590.70341 1                                                                                                                      
 BRA13 5   11076    dpb1    3.9304 0.0100  3.0 12.0 4 0  3.86e-03 earthnote 1620139589.40267 1                                                                                                                      
 BRA13 5   11077    dpb1    3.9678 0.0100  3.0 12.0 4 0  3.92e-03 earthnote 1620139588.00694 1                                                                                                                      
 BRA13 5   11078    dpb1    4.0176 0.0100  3.0 12.0 4 0  3.97e-03 earthnote 1620139587.09662 1                                                                                                                      
 BRA13 5   11079    dpb1    4.0709 0.0100  3.0 12.0 4 0  4.03e-03 earthnote 1620139585.97956 1                                                                                                                      
 BRA13 5   11080    dpb1    4.1312 0.0100  3.0 12.0 4 0  4.08e-03 earthnote 1620139585.28446 1                                                                                                                      
 BRA13 5   11081    dpb1    4.1912 0.0100  3.0 12.0 4 0  4.14e-03 earthnote 1620139584.35540 1                                                                                                                      
 BRA13 5   11082    dpb1    4.2558 0.0100  3.0 12.0 4 0  4.19e-03 earthnote 1620139583.32463 1                                                                                                                      
 BRA13 5   11083    dpb1    4.3084 0.0100  3.0 12.0 4 0  4.25e-03 earthnote 1620139582.02258 1                                                                                                                      
 BRA13 5   11084    dpb1    4.3723 0.0100  3.0 12.0 4 0  4.30e-03 earthnote 1620139580.96694 1                                                                                                                      
 BRA13 5   11085    dpb1    4.4399 0.0100  3.0 12.0 4 0  4.36e-03 earthnote 1620139580.13342 1                                                                                                                      
 BRA13 5   11086    dpb1    4.4889 0.0100  3.0 12.0 4 0  4.41e-03 earthnote 1620139579.06891 1                                                                                                                      
 BRA13 5   11087    dpb1    4.5214 0.0100  3.0 12.0 4 0  4.47e-03 earthnote 1620139577.07524 1                                                                                                                      
 BRA13 5   11088    dpb1    4.5808 0.0100  3.0 12.0 4 0  4.52e-03 earthnote 1620139574.37366 1                                                                                                                      
 BRA13 5   11089    dpb1    4.6100 0.0100  3.0 12.0 4 0  4.58e-03 earthnote 1620139568.28100 1                                                                                                                      
 BRA13 5   11090    dpb1    4.6459 0.0100  3.0 12.0 4 0  4.64e-03 earthnote 1620139567.24197 1                                                                                                                      
 BRA13 5   11091    dpb1    4.6849 0.0100  3.0 12.0 4 0  4.69e-03 earthnote 1620139565.82060 1                                                                                                                      
 BRA13 5   11092    dpb1    4.7311 0.0100  3.0 12.0 4 0  4.75e-03 earthnote 1620139564.67435 1                                                                                                                      
 BRA13 5   11093    dpb1    4.7653 0.0100  3.0 12.0 4 0  4.80e-03 earthnote 1620139563.40937 1                                                                                                                      
 BRA13 5   11094    dpb1    4.8038 0.0100  3.0 12.0 4 0  4.86e-03 earthnote 1620139562.68145 1                                                                                                                      
 BRA13 5   11095    dpb1    4.8446 0.0100  3.0 12.0 4 0  4.92e-03 earthnote 1620139561.69339 1                                                                                                                      
 BRA13 5   11096    dpb1    4.8886 0.0100  3.0 12.0 4 0  4.97e-03 earthnote 1620139560.45718 1                                                                                                                      
 BRA13 5   11097    dpb1    4.9368 0.0100  3.0 12.0 4 0  5.03e-03 earthnote 1620139559.58000 1                                                                                                                      
 BRA13 5   11098    dpb1    4.9848 0.0100  3.0 12.0 4 0  5.09e-03 earthnote 1620139558.76503 1                                                                                                                      
 BRA13 5   11099    dpb1    5.0208 0.0100  3.0 12.0 4 0  5.14e-03 earthnote 1620139557.45237 1                                                                                                                      
 BRA13 5   11100    dpb1    5.0675 0.0100  3.0 12.0 4 0  5.20e-03 earthnote 1620139556.51123 1                                                                                                                      
 BRA13 5   11101    dpb1    5.1118 0.0100  3.0 12.0 4 0  5.26e-03 earthnote 1620139555.74096 1                                                                                                                      
 BRA13 5   11102    dpb1    5.1499 0.0100  3.0 12.0 4 0  5.32e-03 earthnote 1620139554.81875 1                                                                                                                      
 BRA13 5   11103    dpb1    5.1870 0.0100  3.0 12.0 4 0  5.37e-03 earthnote 1620139553.83250 1                                                                                                                      
 BRA13 5   11104    dpb1    5.2195 0.0100  3.0 12.0 4 0  5.43e-03 earthnote 1620139552.99156 1                                                                                                                      
 BRA13 5   11105    dpb1    5.2558 0.0100  3.0 12.0 4 0  5.49e-03 earthnote 1620139552.18222 1                                                                                                                      
 BRA13 5   11106    dpb1    5.3014 0.0100  3.0 12.0 4 0  5.54e-03 earthnote 1620139551.04225 1                                                                                                                      
 BRA13 5   12064    dpb1    3.4836 0.0100  3.0 12.0 4 0  3.15e-03 earthnote 1620139696.34207 1                                                                                                                      
 BRA13 5   12065    dpb1    3.5280 0.0100  3.0 12.0 4 0  3.21e-03 earthnote 1620139736.26499 1                                                                                                                      
 BRA13 5   12066    dpb1    3.5725 0.0100  3.0 12.0 4 0  3.26e-03 earthnote 1620139699.21602 1                                                                                                                      
 BRA13 5   12067    dpb1    3.6003 0.0100  3.0 12.0 4 0  3.31e-03 earthnote 1620139737.95743 1                                                                                                                      
 BRA13 5   12068    dpb1    3.6414 0.0100  3.0 12.0 4 0  3.36e-03 earthnote 1620139739.23287 1                                                                                                                      
 BRA13 5   12069    dpb1    3.6768 0.0100  3.0 12.0 4 0  3.42e-03 earthnote 1620139705.76285 1                                                                                                                      
 BRA13 5   12070    dpb1    3.7061 0.0100  3.0 12.0 4 0  3.47e-03 earthnote 1620139688.89532 1                                                                                                                      
 BRA13 5   12071    dpb1    3.7234 0.0100  3.0 12.0 4 0  3.53e-03 earthnote 1620139688.09833 1                                                                                                                      
 BRA13 5   12072    dpb1    3.7687 0.0100  3.0 12.0 4 0  3.58e-03 earthnote 1620139687.11328 1                                                                                                                      
 BRA13 5   12073    dpb1    3.7659 0.0100  3.0 12.0 4 0  3.64e-03 earthnote 1620139742.88292 1                                                                                                                      
 BRA13 5   12074    dpb1    3.7946 0.0100  3.0 12.0 4 0  3.69e-03 earthnote 1620139685.06393 1                                                                                                                      
 BRA13 5   12075    dpb1    3.8281 0.0100  3.0 12.0 4 0  3.75e-03 earthnote 1620139680.85714 1                                                                                                                      
 BRA13 5   12076    dpb1    3.8729 0.0100  3.0 12.0 4 0  3.80e-03 earthnote 1620139679.63217 1                                                                                                                      
 BRA13 5   12077    dpb1    3.9089 0.0100  3.0 12.0 4 0  3.86e-03 earthnote 1620139674.62792 1                                                                                                                      
 BRA13 5   12078    dpb1    3.9648 0.0100  3.0 12.0 4 0  3.91e-03 earthnote 1620139673.52895 1                                                                                                                      
 BRA13 5   12079    dpb1    4.0164 0.0100  3.0 12.0 4 0  3.97e-03 earthnote 1620139672.67519 1                                                                                                                      
 BRA13 5   12080    dpb1    4.0706 0.0100  3.0 12.0 4 0  4.02e-03 earthnote 1620139671.81200 1                                                                                                                      
 BRA13 5   12081    dpb1    4.1281 0.0100  3.0 12.0 4 0  4.08e-03 earthnote 1620139670.35243 1                                                                                                                      
 BRA13 5   12082    dpb1    4.1883 0.0100  3.0 12.0 4 0  4.13e-03 earthnote 1620139669.44159 1                                                                                                                      
 BRA13 5   12083    dpb1    4.2578 0.0100  3.0 12.0 4 0  4.19e-03 earthnote 1620139668.64616 1                                                                                                                      
 BRA13 5   12084    dpb1    4.3148 0.0100  3.0 12.0 4 0  4.25e-03 earthnote 1620139667.58026 1                                                                                                                      
 BRA13 5   12085    dpb1    4.3837 0.0100  3.0 12.0 4 0  4.30e-03 earthnote 1620139666.57202 1                                                                                                                      
 BRA13 5   12086    dpb1    4.4493 0.0100  3.0 12.0 4 0  4.36e-03 earthnote 1620139665.05030 1                                                                                                                      
 BRA13 5   12087    dpb1    4.5150 0.0100  3.0 12.0 4 0  4.41e-03 earthnote 1620139664.16412 1                                                                                                                      
 BRA13 5   12088    dpb1    4.5549 0.0100  3.0 12.0 4 0  4.47e-03 earthnote 1620139663.43356 1                                                                                                                      
 BRA13 5   12089    dpb1    4.5875 0.0100  3.0 12.0 4 0  4.53e-03 earthnote 1620139661.04723 1                                                                                                                      
 BRA13 5   12090    dpb1    4.6246 0.0100  3.0 12.0 4 0  4.58e-03 earthnote 1620139660.25882 1                                                                                                                      
 BRA13 5   12091    dpb1    4.6596 0.0100  3.0 12.0 4 0  4.64e-03 earthnote 1620139659.34952 1                                                                                                                      
 BRA13 5   12092    dpb1    4.6896 0.0100  3.0 12.0 4 0  4.70e-03 earthnote 1620139658.45031 1                                                                                                                      
 BRA13 5   12093    dpb1    4.7294 0.0100  3.0 12.0 4 0  4.75e-03 earthnote 1620139657.57656 1                                                                                                                      
 BRA13 5   12094    dpb1    4.7696 0.0100  3.0 12.0 4 0  4.81e-03 earthnote 1620139656.77567 1                                                                                                                      
 BRA13 5   12095    dpb1    4.8124 0.0100  3.0 12.0 4 0  4.87e-03 earthnote 1620139655.88469 1                                                                                                                      
 BRA13 5   12096    dpb1    4.8511 0.0100  3.0 12.0 4 0  4.92e-03 earthnote 1620139654.95348 1                                                                                                                      
 BRA13 5   12097    dpb1    4.8871 0.0100  3.0 12.0 4 0  4.98e-03 earthnote 1620139654.07693 1                                                                                                                      
 BRA13 5   12098    dpb1    4.9282 0.0100  3.0 12.0 4 0  5.04e-03 earthnote 1620139652.93824 1                                                                                                                      
 BRA13 5   12099    dpb1    4.9703 0.0100  3.0 12.0 4 0  5.10e-03 earthnote 1620139652.03769 1                                                                                                                      
 BRA13 5   12100    dpb1    5.0109 0.0100  3.0 12.0 4 0  5.15e-03 earthnote 1620139651.39527 1                                                                                                                      
 BRA13 5   12101    dpb1    5.0492 0.0100  3.0 12.0 4 0  5.21e-03 earthnote 1620139650.62098 1                                                                                                                      
 BRA13 5   12102    dpb1    5.0851 0.0100  3.0 12.0 4 0  5.27e-03 earthnote 1620139642.39585 1                                                                                                                      
 BRA13 5   12103    dpb1    5.1204 0.0100  3.0 12.0 4 0  5.34e-03 earthnote 1620139645.50286 1                                                                                                                      
 BRA13 5   12104    dpb1    5.1472 0.0100  3.0 12.0 4 0  5.41e-03 earthnote 1620139639.54619 1                                                                                                                      
 BRA13 5   12106    dpb1    5.2427 0.0100  3.0 12.0 4 0  5.52e-03 earthnote 1620139646.53337 1                                                                                                                      
 BRA13 5   13070    dpb1    3.7509 0.0075  3.0 12.0 4 0  3.41e-03 earthnote 1620137843.06587 1                                                                                                                      
 BRA13 5   13071    dpb1    3.7961 0.0075  3.0 12.0 4 0  3.47e-03 earthnote 1620137845.40728 1                                                                                                                      
 BRA13 5   13072    dpb1    3.8098 0.0075  3.0 12.0 4 0  3.52e-03 earthnote 1620137844.42205 1                                                                                                                      
 BRA13 5   13073    dpb1    3.8085 0.0075  3.0 12.0 4 0  3.58e-03 earthnote 1620137830.31398 1                                                                                                                      
 BRA13 5   13074    dpb1    3.8164 0.0075  3.0 12.0 4 0  3.63e-03 earthnote 1620137848.26932 1                                                                                                                      
 BRA13 5   13075    dpb1    3.8309 0.0075  3.0 12.0 4 0  3.69e-03 earthnote 1620137822.56927 1                                                                                                                      
 BRA13 5   13076    dpb1    3.8443 0.0075  3.0 12.0 4 0  3.74e-03 earthnote 1620137821.26846 1                                                                                                                      
 BRA13 5   13077    dpb1    3.8721 0.0075  3.0 12.0 4 0  3.80e-03 earthnote 1620137819.90946 1                                                                                                                      
 BRA13 5   13078    dpb1    3.9167 0.0075  3.0 12.0 4 0  3.86e-03 earthnote 1620137818.36844 1                                                                                                                      
 BRA13 5   13079    dpb1    3.9630 0.0075  3.0 12.0 4 0  3.91e-03 earthnote 1620137816.44009 1                                                                                                                      
 BRA13 5   13080    dpb1    4.0181 0.0075  3.0 12.0 4 0  3.97e-03 earthnote 1620137815.56253 1                                                                                                                      
 BRA13 5   13081    dpb1    4.0742 0.0075  3.0 12.0 4 0  4.03e-03 earthnote 1620137814.59593 1                                                                                                                      
 BRA13 5   13082    dpb1    4.1389 0.0075  3.0 12.0 4 0  4.08e-03 earthnote 1620137812.70136 1                                                                                                                      
 BRA13 5   13083    dpb1    4.2066 0.0075  3.0 12.0 4 0  4.14e-03 earthnote 1620137811.59830 1                                                                                                                      
 BRA13 5   13084    dpb1    4.2741 0.0075  3.0 12.0 4 0  4.20e-03 earthnote 1620137810.57707 1                                                                                                                      
 BRA13 5   13085    dpb1    4.3396 0.0075  3.0 12.0 4 0  4.25e-03 earthnote 1620137809.13227 1                                                                                                                      
 BRA13 5   13086    dpb1    4.4058 0.0075  3.0 12.0 4 0  4.31e-03 earthnote 1620137807.07900 1                                                                                                                      
 BRA13 5   13087    dpb1    4.4507 0.0075  3.0 12.0 4 0  4.37e-03 earthnote 1620137803.94974 1                                                                                                                      
 BRA13 5   13088    dpb1    4.5000 0.0075  3.0 12.0 4 0  4.42e-03 earthnote 1620137801.55149 1                                                                                                                      
 BRA13 5   13089    dpb1    4.5471 0.0075  3.0 12.0 4 0  4.48e-03 earthnote 1620137799.35743 1                                                                                                                      
 BRA13 5   13090    dpb1    4.5837 0.0075  3.0 12.0 4 0  4.54e-03 earthnote 1620137795.07915 1                                                                                                                      
 BRA13 5   13091    dpb1    4.6257 0.0075  3.0 12.0 4 0  4.60e-03 earthnote 1620137793.86942 1                                                                                                                      
 BRA13 5   13092    dpb1    4.6575 0.0075  3.0 12.0 4 0  4.65e-03 earthnote 1620137792.55058 1                                                                                                                      
 BRA13 5   13093    dpb1    4.7027 0.0075  3.0 12.0 4 0  4.71e-03 earthnote 1620137791.03132 1                                                                                                                      
 BRA13 5   13094    dpb1    4.7359 0.0075  3.0 12.0 4 0  4.77e-03 earthnote 1620137788.24445 1                                                                                                                      
 BRA13 5   13095    dpb1    4.7712 0.0075  3.0 12.0 4 0  4.83e-03 earthnote 1620137785.99070 1                                                                                                                      
 BRA13 5   13096    dpb1    4.8091 0.0075  3.0 12.0 4 0  4.88e-03 earthnote 1620137784.68232 1                                                                                                                      
 BRA13 5   13097    dpb1    4.8501 0.0075  3.0 12.0 4 0  4.94e-03 earthnote 1620137783.65621 1                                                                                                                      
 BRA13 5   13098    dpb1    4.8870 0.0075  3.0 12.0 4 0  5.00e-03 earthnote 1620137782.37304 1                                                                                                                      
 BRA13 5   13099    dpb1    4.9320 0.0075  3.0 12.0 4 0  5.06e-03 earthnote 1620137780.72667 1                                                                                                                      
 BRA13 5   13100    dpb1    4.9697 0.0075  3.0 12.0 4 0  5.11e-03 earthnote 1620137779.20965 1                                                                                                                      
 BRA13 5   13101    dpb1    5.0027 0.0075  3.0 12.0 4 0  5.17e-03 earthnote 1620137777.98550 1                                                                                                                      
 BRA13 5   13102    dpb1    5.0440 0.0075  3.0 12.0 4 0  5.23e-03 earthnote 1620137776.50326 1                                                                                                                      
 BRA13 5   13103    dpb1    5.0824 0.0075  3.0 12.0 4 0  5.29e-03 earthnote 1620137771.67356 1                                                                                                                      
 BRA13 5   13104    dpb1    5.1257 0.0075  3.0 12.0 4 0  5.35e-03 earthnote 1620137773.77043 1                                                                                                                      
 BRA13 5   13105    dpb1    5.1705 0.0075  3.0 12.0 4 0  5.40e-03 earthnote 1620137769.66879 1                                                                                                                      
 BRA13 5   13106    dpb1    5.2169 0.0075  3.0 12.0 4 0  5.46e-03 earthnote 1620137768.09990 1                                                                                                                      
 BRA13 5   14072    dpb1    3.8694 0.0100  3.0 12.0 4 0  3.47e-03 earthnote 1620138162.29851 1                                                                                                                      
 BRA13 5   14073    dpb1    3.8456 0.0100  3.0 12.0 4 0  3.52e-03 earthnote 1620138163.22398 1                                                                                                                      
 BRA13 5   14074    dpb1    3.8285 0.0100  3.0 12.0 4 0  3.58e-03 earthnote 1620138164.02479 1                                                                                                                      
 BRA13 5   14075    dpb1    3.8276 0.0100  3.0 12.0 4 0  3.63e-03 earthnote 1620138164.76787 1                                                                                                                      
 BRA13 5   14076    dpb1    3.8253 0.0100  3.0 12.0 4 0  3.69e-03 earthnote 1620138171.26594 1                                                                                                                      
 BRA13 5   14077    dpb1    3.8668 0.0100  3.0 12.0 4 0  3.75e-03 earthnote 1620138166.47382 1                                                                                                                      
 BRA13 5   14078    dpb1    3.8968 0.0100  3.0 12.0 4 0  3.81e-03 earthnote 1620138101.43700 1                                                                                                                      
 BRA13 5   14079    dpb1    3.9357 0.0100  3.0 12.0 4 0  3.86e-03 earthnote 1620138102.60058 1                                                                                                                      
 BRA13 5   14080    dpb1    3.9831 0.0100  3.0 12.0 4 0  3.92e-03 earthnote 1620138043.40337 1                                                                                                                      
 BRA13 5   14081    dpb1    4.0475 0.0100  3.0 12.0 4 0  3.98e-03 earthnote 1620138039.45053 1                                                                                                                      
 BRA13 5   14082    dpb1    4.1131 0.0100  3.0 12.0 4 0  4.03e-03 earthnote 1620138037.56417 1                                                                                                                      
 BRA13 5   14083    dpb1    4.1736 0.0100  3.0 12.0 4 0  4.09e-03 earthnote 1620138035.57087 1                                                                                                                      
 BRA13 5   14084    dpb1    4.2348 0.0100  3.0 12.0 4 0  4.15e-03 earthnote 1620138034.04020 1                                                                                                                      
 BRA13 5   14085    dpb1    4.2961 0.0100  3.0 12.0 4 0  4.21e-03 earthnote 1620138032.82274 1                                                                                                                      
 BRA13 5   14086    dpb1    4.3596 0.0100  3.0 12.0 4 0  4.26e-03 earthnote 1620138031.28467 1                                                                                                                      
 BRA13 5   14087    dpb1    4.3986 0.0100  3.0 12.0 4 0  4.32e-03 earthnote 1620138030.00455 1                                                                                                                      
 BRA13 5   14088    dpb1    4.4414 0.0100  3.0 12.0 4 0  4.38e-03 earthnote 1620138028.35499 1                                                                                                                      
 BRA13 5   14089    dpb1    4.4911 0.0100  3.0 12.0 4 0  4.44e-03 earthnote 1620138027.07802 1                                                                                                                      
 BRA13 5   14090    dpb1    4.5425 0.0100  3.0 12.0 4 0  4.49e-03 earthnote 1620138022.61300 1                                                                                                                      
 BRA13 5   14091    dpb1    4.5888 0.0100  3.0 12.0 4 0  4.55e-03 earthnote 1620138023.82621 1                                                                                                                      
 BRA13 5   14092    dpb1    4.6317 0.0100  3.0 12.0 4 0  4.61e-03 earthnote 1620138025.01913 1                                                                                                                      
 BRA13 5   14093    dpb1    4.6703 0.0075  3.0 12.0 4 0  4.67e-03 earthnote 1620137990.96899 1                                                                                                                      
 BRA13 5   14094    dpb1    4.7081 0.0075  3.0 12.0 4 0  4.73e-03 earthnote 1620137990.06394 1                                                                                                                      
 BRA13 5   14095    dpb1    4.7503 0.0075  3.0 12.0 4 0  4.78e-03 earthnote 1620137988.57958 1                                                                                                                      
 BRA13 5   14096    dpb1    4.7861 0.0100  3.0 12.0 4 0  4.84e-03 earthnote 1620138184.44559 1                                                                                                                      
 BRA13 5   14097    dpb1    4.8254 0.0075  3.0 12.0 4 0  4.90e-03 earthnote 1620137985.02802 1                                                                                                                      
 BRA13 5   14098    dpb1    4.8578 0.0075  3.0 12.0 4 0  4.96e-03 earthnote 1620137983.84487 1                                                                                                                      
 BRA13 5   14099    dpb1    4.8909 0.0075  3.0 12.0 4 0  5.02e-03 earthnote 1620137982.15363 1                                                                                                                      
 BRA13 5   14100    dpb1    4.9284 0.0075  3.0 12.0 4 0  5.08e-03 earthnote 1620137976.21016 1                                                                                                                      
 BRA13 5   14101    dpb1    4.9702 0.0100  3.0 12.0 4 0  5.13e-03 earthnote 1620138200.14323 1                                                                                                                      
 BRA13 5   14102    dpb1    5.0065 0.0075  3.0 12.0 4 0  5.19e-03 earthnote 1620137972.93125 1                                                                                                                      
 BRA13 5   14103    dpb1    5.0477 0.0100  3.0 12.0 4 0  5.25e-03 earthnote 1620138202.10865 1                                                                                                                      
 BRA13 5   14104    dpb1    5.0909 0.0075  3.0 12.0 4 0  5.31e-03 earthnote 1620137971.03027 1                                                                                                                      
 BRA13 5   14105    dpb1    5.1285 0.0075  3.0 12.0 4 0  5.37e-03 earthnote 1620137970.04671 1                                                                                                                      
 BRA13 5   14106    dpb1    5.1664 0.0075  3.0 12.0 4 0  5.43e-03 earthnote 1620137968.53454 1                                                                                                                      
 BRA13 5   15073    dpb1    3.8392 0.0100  3.0 12.0 4 0  3.47e-03 earthnote 1620138315.48103 1                                                                                                                      
 BRA13 5   15074    dpb1    3.8286 0.0100  3.0 12.0 4 0  3.53e-03 earthnote 1620138314.33845 1                                                                                                                      
 BRA13 5   15075    dpb1    3.8199 0.0100  3.0 12.0 4 0  3.59e-03 earthnote 1620138313.43911 1                                                                                                                      
 BRA13 5   15076    dpb1    3.8290 0.0100  3.0 12.0 4 0  3.65e-03 earthnote 1620138312.38438 1                                                                                                                      
 BRA13 5   15077    dpb1    3.8355 0.0100  3.0 12.0 4 0  3.70e-03 earthnote 1620138311.23047 1                                                                                                                      
 BRA13 5   15078    dpb1    3.8723 0.0100  3.0 12.0 4 0  3.76e-03 earthnote 1620138309.23131 1                                                                                                                      
 BRA13 5   15079    dpb1    3.9034 0.0100  3.0 12.0 4 0  3.82e-03 earthnote 1620138308.14243 1                                                                                                                      
 BRA13 5   15080    dpb1    3.9529 0.0100  3.0 12.0 4 0  3.88e-03 earthnote 1620138306.56881 1                                                                                                                      
 BRA13 5   15081    dpb1    4.0129 0.0100  3.0 12.0 4 0  3.93e-03 earthnote 1620138303.52650 1                                                                                                                      
 BRA13 5   15082    dpb1    4.0712 0.0100  3.0 12.0 4 0  3.99e-03 earthnote 1620138301.91698 1                                                                                                                      
 BRA13 5   15083    dpb1    4.1331 0.0100  3.0 12.0 4 0  4.05e-03 earthnote 1620138298.84972 1                                                                                                                      
 BRA13 5   15084    dpb1    4.2010 0.0100  3.0 12.0 4 0  4.11e-03 earthnote 1620138297.77416 1                                                                                                                      
 BRA13 5   15085    dpb1    4.2632 0.0100  3.0 12.0 4 0  4.17e-03 earthnote 1620138296.16489 1                                                                                                                      
 BRA13 5   15086    dpb1    4.3182 0.0100  3.0 12.0 4 0  4.22e-03 earthnote 1620138294.94056 1                                                                                                                      
 BRA13 5   15087    dpb1    4.3691 0.0100  3.0 12.0 4 0  4.28e-03 earthnote 1620138293.65648 1                                                                                                                      
 BRA13 5   15088    dpb1    4.4219 0.0100  3.0 12.0 4 0  4.34e-03 earthnote 1620138291.28584 1                                                                                                                      
 BRA13 5   15089    dpb1    4.4674 0.0100  3.0 12.0 4 0  4.40e-03 earthnote 1620138289.35164 1                                                                                                                      
 BRA13 5   15090    dpb1    4.5101 0.0100  3.0 12.0 4 0  4.46e-03 earthnote 1620138287.92798 1                                                                                                                      
 BRA13 5   15091    dpb1    4.5562 0.0100  3.0 12.0 4 0  4.52e-03 earthnote 1620138285.64696 1                                                                                                                      
 BRA13 5   15092    dpb1    4.6004 0.0100  3.0 12.0 4 0  4.57e-03 earthnote 1620138284.34846 1                                                                                                                      
 BRA13 5   15093    dpb1    4.6391 0.0100  3.0 12.0 4 0  4.63e-03 earthnote 1620138282.89527 1                                                                                                                      
 BRA13 5   15094    dpb1    4.6816 0.0100  3.0 12.0 4 0  4.69e-03 earthnote 1620138281.27206 1                                                                                                                      
 BRA13 5   15095    dpb1    4.7200 0.0100  3.0 12.0 4 0  4.75e-03 earthnote 1620138263.49624 1                                                                                                                      
 BRA13 5   15096    dpb1    4.7564 0.0100  3.0 12.0 4 0  4.81e-03 earthnote 1620138321.00587 1                                                                                                                      
 BRA13 5   15097    dpb1    4.7942 0.0100  3.0 12.0 4 0  4.87e-03 earthnote 1620138278.96303 1                                                                                                                      
 BRA13 5   15098    dpb1    4.8292 0.0100  3.0 12.0 4 0  4.93e-03 earthnote 1620138256.39440 1                                                                                                                      
 BRA13 5   15099    dpb1    4.8686 0.0100  3.0 12.0 4 0  4.98e-03 earthnote 1620138325.87516 1                                                                                                                      
 BRA13 5   15100    dpb1    4.9017 0.0100  3.0 12.0 4 0  5.04e-03 earthnote 1620138254.45412 1                                                                                                                      
 BRA13 5   15101    dpb1    4.9339 0.0100  3.0 12.0 4 0  5.10e-03 earthnote 1620138253.24470 1                                                                                                                      
 BRA13 5   15102    dpb1    4.9713 0.0100  3.0 12.0 4 0  5.16e-03 earthnote 1620138251.39617 1                                                                                                                      
 BRA13 5   15103    dpb1    5.0063 0.0100  3.0 12.0 4 0  5.22e-03 earthnote 1620138250.37066 1                                                                                                                      
 BRA13 5   15104    dpb1    5.0404 0.0100  3.0 12.0 4 0  5.28e-03 earthnote 1620138249.52138 1                                                                                                                      
 BRA13 5   15105    dpb1    5.0765 0.0100  3.0 12.0 4 0  5.34e-03 earthnote 1620138248.51222 1                                                                                                                      
 BRA13 5   15106    dpb1    5.1184 0.0100  3.0 12.0 4 0  5.39e-03 earthnote 1620138247.27326 1                                                                                                                      
 BRA13 5   16074    dpb1    3.8301 0.0075  3.0 12.0 4 0  1.16e-03 earthnote 1620138560.29569 1                                                                                                                      
 BRA13 5   16075    dpb1    3.8372 0.0075  3.0 12.0 4 0  3.55e-03 earthnote 1620138423.40039 1                                                                                                                      
 BRA13 5   16076    dpb1    3.8462 0.0075  3.0 12.0 4 0  3.61e-03 earthnote 1620138422.49412 1                                                                                                                      
 BRA13 5   16077    dpb1    3.8563 0.0075  3.0 12.0 4 0  3.66e-03 earthnote 1620138421.57919 1                                                                                                                      
 BRA13 5   16078    dpb1    3.8817 0.0075  3.0 12.0 4 0  3.72e-03 earthnote 1620138420.43955 1                                                                                                                      
 BRA13 5   16079    dpb1    3.9054 0.0075  3.0 12.0 4 0  3.78e-03 earthnote 1620138419.26163 1                                                                                                                      
 BRA13 5   16080    dpb1    3.9557 0.0075  3.0 12.0 4 0  3.84e-03 earthnote 1620138417.00816 1                                                                                                                      
 BRA13 5   16081    dpb1    4.0074 0.0075  3.0 12.0 4 0  3.90e-03 earthnote 1620138416.00057 1                                                                                                                      
 BRA13 5   16082    dpb1    4.0680 0.0075  3.0 12.0 4 0  3.96e-03 earthnote 1620138415.02578 1                                                                                                                      
 BRA13 5   16083    dpb1    4.1345 0.0075  3.0 12.0 4 0  4.01e-03 earthnote 1620138414.15830 1                                                                                                                      
 BRA13 5   16084    dpb1    4.1969 0.0075  3.0 12.0 4 0  4.07e-03 earthnote 1620138409.10614 1                                                                                                                      
 BRA13 5   16085    dpb1    4.2494 0.0100  3.0 12.0 4 0  1.38e-03 earthnote 1620138613.37460 1                                                                                                                      
 BRA13 5   16086    dpb1    4.3036 0.0100  3.0 12.0 4 0  1.40e-03 earthnote 1620138601.80785 1                                                                                                                      
 BRA13 5   16087    dpb1    4.3539 0.0100  3.0 12.0 4 0  1.42e-03 earthnote 1620138605.13867 1                                                                                                                      
 BRA13 5   16088    dpb1    4.4098 0.0075  3.0 12.0 4 0  1.44e-03 earthnote 1620138553.95296 1                                                                                                                      
 BRA13 5   16089    dpb1    4.4533 0.0075  3.0 12.0 4 0  4.37e-03 earthnote 1620138405.98214 1                                                                                                                      
 BRA13 5   16090    dpb1    4.5002 0.0075  3.0 12.0 4 0  4.42e-03 earthnote 1620138405.02562 1                                                                                                                      
 BRA13 5   16091    dpb1    4.5423 0.0075  3.0 12.0 4 0  4.48e-03 earthnote 1620138403.97751 1                                                                                                                      
 BRA13 5   16092    dpb1    4.5798 0.0075  3.0 12.0 4 0  4.54e-03 earthnote 1620138402.46324 1                                                                                                                      
 BRA13 5   16093    dpb1    4.6208 0.0075  3.0 12.0 4 0  4.60e-03 earthnote 1620138398.05029 1                                                                                                                      
 BRA13 5   16094    dpb1    4.6537 0.0075  3.0 12.0 4 0  4.66e-03 earthnote 1620138396.68521 1                                                                                                                      
 BRA13 5   16095    dpb1    4.7025 0.0075  3.0 12.0 4 0  4.72e-03 earthnote 1620138395.79970 1                                                                                                                      
 BRA13 5   16096    dpb1    4.7534 0.0075  3.0 12.0 4 0  4.78e-03 earthnote 1620138395.01303 1                                                                                                                      
 BRA13 5   16097    dpb1    4.7895 0.0075  3.0 12.0 4 0  4.84e-03 earthnote 1620138391.64913 1                                                                                                                      
 BRA13 5   16098    dpb1    4.8224 0.0075  3.0 12.0 4 0  4.89e-03 earthnote 1620138386.25750 1                                                                                                                      
 BRA13 5   16099    dpb1    4.8525 0.0075  3.0 12.0 4 0  4.95e-03 earthnote 1620138385.27911 1                                                                                                                      
 BRA13 5   16100    dpb1    4.8916 0.0075  3.0 12.0 4 0  5.01e-03 earthnote 1620138379.84608 1                                                                                                                      
 BRA13 5   16101    dpb1    4.9269 0.0075  3.0 12.0 4 0  5.07e-03 earthnote 1620138383.19221 1                                                                                                                      
 BRA13 5   16102    dpb1    4.9627 0.0100  3.0 12.0 4 0  1.71e-03 earthnote 1620138712.76204 1                                                                                                                      
 BRA13 5   16103    dpb1    4.9984 0.0100  3.0 12.0 4 0  1.73e-03 earthnote 1620138711.00617 1                                                                                                                      
 BRA13 5   16104    dpb1    5.0276 0.0100  3.0 12.0 4 0  1.75e-03 earthnote 1620138709.63066 1                                                                                                                      
 BRA13 5   16105    dpb1    5.0584 0.0100  3.0 12.0 4 0  1.77e-03 earthnote 1620138707.98018 1                                                                                                                      
 BRA13 5   16106    dpb1    5.1067 0.0100  3.0 12.0 4 0  1.79e-03 earthnote 1620138705.65705 1                                                                                                                      
 BRA13 5   17073    dpb1    3.7264 0.0100  3.0 12.0 4 0  1.13e-03 earthnote 1620138921.42340 1                                                                                                                      
 BRA13 5   17074    dpb1    3.7489 0.0100  3.0 12.0 4 0  1.15e-03 earthnote 1620138920.69778 1                                                                                                                      
 BRA13 5   17075    dpb1    3.7831 0.0100  3.0 12.0 4 0  1.17e-03 earthnote 1620138919.54410 1                                                                                                                      
 BRA13 5   17076    dpb1    3.8406 0.0100  3.0 12.0 4 0  1.19e-03 earthnote 1620138917.02806 1                                                                                                                      
 BRA13 5   17077    dpb1    3.8837 0.0100  3.0 12.0 4 0  1.21e-03 earthnote 1620138916.19860 1                                                                                                                      
 BRA13 5   17078    dpb1    3.9164 0.0100  3.0 12.0 4 0  1.23e-03 earthnote 1620138915.25233 1                                                                                                                      
 BRA13 5   17079    dpb1    3.9493 0.0100  3.0 12.0 4 0  1.25e-03 earthnote 1620138913.72043 1                                                                                                                      
 BRA13 5   17080    dpb1    4.0028 0.0100  3.0 12.0 4 0  1.27e-03 earthnote 1620138912.88045 1                                                                                                                      
 BRA13 5   17081    dpb1    4.0553 0.0100  3.0 12.0 4 0  1.29e-03 earthnote 1620138911.87142 1                                                                                                                      
 BRA13 5   17082    dpb1    4.1092 0.0100  3.0 12.0 4 0  1.31e-03 earthnote 1620138911.11591 1                                                                                                                      
 BRA13 5   17083    dpb1    4.1656 0.0100  3.0 12.0 4 0  1.33e-03 earthnote 1620138909.10419 1                                                                                                                      
 BRA13 5   17084    dpb1    4.2086 0.0100  3.0 12.0 4 0  1.35e-03 earthnote 1620138925.75125 1                                                                                                                      
 BRA13 5   17085    dpb1    4.2609 0.0100  3.0 12.0 4 0  1.37e-03 earthnote 1620138906.65277 1                                                                                                                      
 BRA13 5   17086    dpb1    4.3192 0.0100  3.0 12.0 4 0  1.39e-03 earthnote 1620138905.55706 1                                                                                                                      
 BRA13 5   17087    dpb1    4.3729 0.0100  3.0 12.0 4 0  1.41e-03 earthnote 1620138904.53799 1                                                                                                                      
 BRA13 5   17088    dpb1    4.4138 0.0100  3.0 12.0 4 0  1.43e-03 earthnote 1620138903.53603 1                                                                                                                      
 BRA13 5   17089    dpb1    4.4604 0.0100  3.0 12.0 4 0  1.45e-03 earthnote 1620138902.64819 1                                                                                                                      
 BRA13 5   17090    dpb1    4.5011 0.0100  3.0 12.0 4 0  1.47e-03 earthnote 1620138901.77057 1                                                                                                                      
 BRA13 5   17091    dpb1    4.5381 0.0100  3.0 12.0 4 0  1.49e-03 earthnote 1620138942.55102 1                                                                                                                      
 BRA13 5   17092    dpb1    4.5654 0.0100  3.0 12.0 4 0  1.50e-03 earthnote 1620138936.17145 1                                                                                                                      
 BRA13 5   17093    dpb1    4.6062 0.0100  3.0 12.0 4 0  1.52e-03 earthnote 1620138898.49635 1                                                                                                                      
 BRA13 5   17094    dpb1    4.6539 0.0100  3.0 12.0 4 0  1.54e-03 earthnote 1620138929.64098 1                                                                                                                      
 BRA13 5   17095    dpb1    4.6965 0.0100  3.0 12.0 4 0  1.56e-03 earthnote 1620138895.50227 1                                                                                                                      
 BRA13 5   17096    dpb1    4.7476 0.0100  3.0 12.0 4 0  1.58e-03 earthnote 1620138894.67127 1                                                                                                                      
 BRA13 5   17097    dpb1    4.7893 0.0100  3.0 12.0 4 0  1.60e-03 earthnote 1620138886.04295 1                                                                                                                      
 BRA13 5   17098    dpb1    4.8169 0.0100  3.0 12.0 4 0  1.62e-03 earthnote 1620138887.42059 1                                                                                                                      
 BRA13 5   17099    dpb1    4.8638 0.0100  3.0 12.0 4 0  1.64e-03 earthnote 1620138885.06751 1                                                                                                                      
 BRA13 5   17100    dpb1    4.8954 0.0100  3.0 12.0 4 0  1.66e-03 earthnote 1620138890.24021 1                                                                                                                      
 BRA13 5   17101    dpb1    4.9233 0.0100  3.0 12.0 4 0  1.68e-03 earthnote 1620138892.36322 1                                                                                                                      
 BRA13 5   17102    dpb1    4.9549 0.0100  3.0 12.0 4 0  1.70e-03 earthnote 1620138881.98141 1                                                                                                                      
 BRA13 5   17103    dpb1    4.9905 0.0100  3.0 12.0 4 0  1.72e-03 earthnote 1620138880.87376 1                                                                                                                      
 BRA13 5   17104    dpb1    5.0308 0.0100  3.0 12.0 4 0  1.74e-03 earthnote 1620138880.14034 1                                                                                                                      
 BRA13 5   17105    dpb1    5.0711 0.0100  3.0 12.0 4 0  1.76e-03 earthnote 1620138878.82464 1                                                                                                                      
 BRA13 5   17106    dpb1    5.1138 0.0100  3.0 12.0 4 0  1.78e-03 earthnote 1620138876.94207 1                                                                                                                      
 BRA13 5   18079    dpb1    3.9548 0.0100  3.0 12.0 4 0  3.72e-03 earthnote 1620139038.64696 1                                                                                                                      
 BRA13 5   18080    dpb1    4.0073 0.0100  3.0 12.0 4 0  3.78e-03 earthnote 1620139032.91353 1                                                                                                                      
 BRA13 5   18081    dpb1    4.0485 0.0100  3.0 12.0 4 0  3.84e-03 earthnote 1620139032.03254 1                                                                                                                      
 BRA13 5   18082    dpb1    4.1079 0.0100  3.0 12.0 4 0  3.90e-03 earthnote 1620139031.02833 1                                                                                                                      
 BRA13 5   18083    dpb1    4.1658 0.0100  3.0 12.0 4 0  3.96e-03 earthnote 1620139030.23537 1                                                                                                                      
 BRA13 5   18084    dpb1    4.2406 0.0100  3.0 12.0 4 0  4.02e-03 earthnote 1620139028.61519 1                                                                                                                      
 BRA13 5   18085    dpb1    4.3198 0.0100  3.0 12.0 4 0  4.08e-03 earthnote 1620139027.15399 1                                                                                                                      
 BRA13 5   18086    dpb1    4.3569 0.0100  3.0 12.0 4 0  4.14e-03 earthnote 1620139022.55949 1                                                                                                                      
 BRA13 5   18087    dpb1    4.3972 0.0100  3.0 12.0 4 0  4.19e-03 earthnote 1620139021.64318 1                                                                                                                      
 BRA13 5   18088    dpb1    4.4395 0.0100  3.0 12.0 4 0  4.25e-03 earthnote 1620139020.31646 1                                                                                                                      
 BRA13 5   18089    dpb1    4.4798 0.0100  3.0 12.0 4 0  4.31e-03 earthnote 1620139018.99816 1                                                                                                                      
 BRA13 5   18090    dpb1    4.5188 0.0100  3.0 12.0 4 0  4.37e-03 earthnote 1620139017.88104 1                                                                                                                      
 BRA13 5   18091    dpb1    4.5486 0.0100  3.0 12.0 4 0  4.43e-03 earthnote 1620139016.38427 1                                                                                                                      
 BRA13 5   18092    dpb1    4.5761 0.0100  3.0 12.0 4 0  4.49e-03 earthnote 1620139014.18580 1                                                                                                                      
 BRA13 5   18093    dpb1    4.6131 0.0100  3.0 12.0 4 0  4.55e-03 earthnote 1620139012.93827 1                                                                                                                      
 BRA13 5   18094    dpb1    4.6520 0.0100  3.0 12.0 4 0  4.61e-03 earthnote 1620139011.66685 1                                                                                                                      
 BRA13 5   18095    dpb1    4.6805 0.0100  3.0 12.0 4 0  4.67e-03 earthnote 1620139009.89737 1                                                                                                                      
 BRA13 5   18096    dpb1    4.7160 0.0100  3.0 12.0 4 0  4.73e-03 earthnote 1620139006.55647 1                                                                                                                      
 BRA13 5   18097    dpb1    4.7543 0.0100  3.0 12.0 4 0  4.79e-03 earthnote 1620139005.11094 1                                                                                                                      
 BRA13 5   18098    dpb1    4.7918 0.0100  3.0 12.0 4 0  4.85e-03 earthnote 1620139003.53016 1                                                                                                                      
 BRA13 5   18099    dpb1    4.8242 0.0100  3.0 12.0 4 0  4.91e-03 earthnote 1620139002.45036 1                                                                                                                      
 BRA13 5   18100    dpb1    4.8605 0.0100  3.0 12.0 4 0  4.97e-03 earthnote 1620139001.59295 1                                                                                                                      
 BRA13 5   18101    dpb1    4.8954 0.0100  3.0 12.0 4 0  5.03e-03 earthnote 1620139000.67312 1                                                                                                                      
 BRA13 5   18102    dpb1    4.9403 0.0100  3.0 12.0 4 0  5.09e-03 earthnote 1620138999.43024 1                                                                                                                      
 BRA13 5   18103    dpb1    4.9804 0.0100  3.0 12.0 4 0  5.15e-03 earthnote 1620138998.70873 1                                                                                                                      
 BRA13 5   18104    dpb1    5.0217 0.0100  3.0 12.0 4 0  5.21e-03 earthnote 1620138997.74782 1                                                                                                                      
 BRA13 5   18105    dpb1    5.0649 0.0100  3.0 12.0 4 0  5.27e-03 earthnote 1620138996.83292 1                                                                                                                      
 BRA13 5   18106    dpb1    5.1054 0.0100  3.0 12.0 4 0  5.33e-03 earthnote 1620138993.43308 1                                                                                                                      
