 BRA24 3   17037      Pg    3.1433 0.0100  5.0 30.0 4 0  8.58e-04 earthnote 1596511785.97721 1                                                                                                                      
 BRA24 3   17038      Pg    3.1250 0.0100  5.0 30.0 4 0  8.39e-04 earthnote 1596511787.92139 1                                                                                                                      
 BRA24 3   17039      Pg    3.0838 0.0100  5.0 30.0 4 0  8.19e-04 earthnote 1596511792.44093 1                                                                                                                      
 BRA24 3   17040      Pg    3.0319 0.0100  5.0 30.0 4 0  8.00e-04 earthnote 1596511794.55710 1                                                                                                                      
 BRA24 3   17041      Pg    2.9915 0.0100  5.0 30.0 4 0  7.81e-04 earthnote 1596511797.67358 1                                                                                                                      
 BRA24 3   17042      Pg    2.9564 0.0100  5.0 30.0 4 0  7.61e-04 earthnote 1596511799.57584 1                                                                                                                      
 BRA24 3   17043      Pg    2.9104 0.0100  5.0 30.0 4 0  7.42e-04 earthnote 1596511803.12039 1                                                                                                                      
 BRA24 3   17044      Pg    2.8596 0.0100  5.0 30.0 4 0  7.22e-04 earthnote 1596511805.27391 1                                                                                                                      
 BRA24 3   17045      Pg    2.8138 0.0100  5.0 30.0 4 0  7.03e-04 earthnote 1596511807.57439 1                                                                                                                      
 BRA24 3   17046      Pg    2.7691 0.0100  5.0 30.0 4 0  6.84e-04 earthnote 1596511810.33013 1                                                                                                                      
 BRA24 3   17047      Pg    2.7270 0.0100  5.0 30.0 4 0  6.65e-04 earthnote 1596511813.62386 1                                                                                                                      
 BRA24 3   17048      Pg    2.6969 0.0100  5.0 30.0 4 0  6.45e-04 earthnote 1596511815.75719 1                                                                                                                      
 BRA24 3   17049      Pg    2.6553 0.0100  5.0 30.0 4 0  6.26e-04 earthnote 1596511818.86895 1                                                                                                                      
 BRA24 3   17050      Pg    2.6011 0.0100  5.0 30.0 4 0  6.07e-04 earthnote 1596511822.35933 1                                                                                                                      
 BRA24 3   17051      Pg    2.5437 0.0100  5.0 30.0 4 0  5.88e-04 earthnote 1596511825.55537 1                                                                                                                      
 BRA24 3   17052      Pg    2.4894 0.0100  5.0 30.0 4 0  5.69e-04 earthnote 1596511828.24123 1                                                                                                                      
 BRA24 3   17053      Pg    2.4369 0.0100  5.0 30.0 4 0  5.50e-04 earthnote 1596511770.95563 1                                                                                                                      
 BRA24 3   17054      Pg    2.3673 0.0100  5.0 30.0 4 0  5.32e-04 earthnote 1596511775.32586 1                                                                                                                      
 BRA24 3   17055      Pg    2.3018 0.0100  5.0 30.0 4 0  5.13e-04 earthnote 1596511777.15922 1                                                                                                                      
 BRA24 3   17056      Pg    2.2402 0.0100  5.0 30.0 4 0  4.94e-04 earthnote 1596511762.46305 1                                                                                                                      
 BRA24 3   17057      Pg    2.1797 0.0100  5.0 30.0 4 0  4.76e-04 earthnote 1596511760.10627 1                                                                                                                      
 BRA24 3   17058      Pg    2.1144 0.0100  5.0 30.0 4 0  4.58e-04 earthnote 1596511756.84433 1                                                                                                                      
 BRA24 3   17059      Pg    2.0591 0.0100  5.0 30.0 4 0  4.40e-04 earthnote 1596511755.22032 1                                                                                                                      
 BRA24 3   17060      Pg    2.0096 0.0100  5.0 30.0 4 0  4.22e-04 earthnote 1596511753.10711 1                                                                                                                      
 BRA24 3   17061      Pg    1.9834 0.0100  5.0 30.0 4 0  4.04e-04 earthnote 1596511750.36423 1                                                                                                                      
 BRA24 3   17062      Pg    1.9638 0.0100  5.0 30.0 4 0  3.86e-04 earthnote 1596511748.47600 1                                                                                                                      
 BRA24 3   17063      Pg    1.9456 0.0100  5.0 30.0 4 0  3.69e-04 earthnote 1596511746.86796 1                                                                                                                      
 BRA24 3   17064      Pg    1.9342 0.0100  5.0 30.0 4 0  3.52e-04 earthnote 1596511744.16065 1                                                                                                                      
 BRA24 3   17065      Pg    1.8780 0.0100  5.0 30.0 4 0  3.35e-04 earthnote 1596511742.16939 1                                                                                                                      
 BRA24 3   17066      Pg    1.8428 0.0100  5.0 30.0 4 0  3.19e-04 earthnote 1596511739.90784 1                                                                                                                      
 BRA24 3   17067      Pg    1.8046 0.0100  5.0 30.0 4 0  3.03e-04 earthnote 1596511737.60937 1                                                                                                                      
 BRA24 3   17068      Pg    1.7543 0.0100  5.0 30.0 4 0  2.88e-04 earthnote 1596511733.77395 1                                                                                                                      
 BRA24 3   17069      Pg    1.6980 0.0100  5.0 30.0 4 0  2.73e-04 earthnote 1596511729.31720 1                                                                                                                      
 BRA24 3   17070      Pg    1.6524 0.0100  5.0 30.0 4 0  2.59e-04 earthnote 1596511727.03913 1                                                                                                                      
 BRA24 3   17071      Pg    1.6022 0.0100  5.0 30.0 4 0  2.46e-04 earthnote 1596511724.56826 1                                                                                                                      
 BRA24 3   17072      Pg    1.5584 0.0100  5.0 30.0 4 0  2.33e-04 earthnote 1596511721.55155 1                                                                                                                      
 BRA24 3   17073      Pg    1.5131 0.0100  5.0 30.0 4 0  2.22e-04 earthnote 1596511715.69445 1                                                                                                                      
 BRA24 3   17074      Pg    1.4843 0.0100  5.0 30.0 4 0  2.12e-04 earthnote 1596511717.71928 1                                                                                                                      
 BRA24 3   17075      Pg    1.4608 0.0100  5.0 30.0 4 0  2.04e-04 earthnote 1596511712.87111 1                                                                                                                      
 BRA24 3   17076      Pg    1.4583 0.0100  5.0 30.0 4 0  1.97e-04 earthnote 1596511709.87426 1                                                                                                                      
 BRA24 3   17077      Pg    1.4708 0.0100  5.0 30.0 4 0  1.93e-04 earthnote 1596511707.75038 1                                                                                                                      
 BRA24 3   17078      Pg    1.4791 0.0100  5.0 30.0 4 0  1.90e-04 earthnote 1596511704.26283 1                                                                                                                      
 BRA24 3   17079      Pg    1.5114 0.0100  5.0 30.0 4 0  1.89e-04 earthnote 1596511702.02120 1                                                                                                                      
 BRA24 3   17080      Pg    1.5141 0.0100  5.0 30.0 4 0  1.90e-04 earthnote 1596511699.80683 1                                                                                                                      
 BRA24 3   17081      Pg    1.5344 0.0100  5.0 30.0 4 0  1.94e-04 earthnote 1596511691.13751 1                                                                                                                      
 BRA24 3   17082      Pg    1.5658 0.0100  5.0 30.0 4 0  1.99e-04 earthnote 1596511694.47114 1                                                                                                                      
 BRA24 3   17083      Pg    1.5956 0.0100  5.0 30.0 4 0  2.06e-04 earthnote 1596511687.52559 1                                                                                                                      
 BRA24 3   17084      Pg    1.6424 0.0100  5.0 30.0 4 0  2.15e-04 earthnote 1596511685.94153 1                                                                                                                      
 BRA24 3   17085      Pg    1.6952 0.0100  5.0 30.0 4 0  2.26e-04 earthnote 1596511684.51305 1                                                                                                                      
 BRA24 3   17086      Pg    1.7567 0.0100  5.0 30.0 4 0  2.37e-04 earthnote 1596511682.44062 1                                                                                                                      
 BRA24 3   17087      Pg    1.8296 0.0100  5.0 30.0 4 0  2.50e-04 earthnote 1596511675.46979 1                                                                                                                      
 BRA24 3   17088      Pg    1.8964 0.0100  5.0 30.0 4 0  2.63e-04 earthnote 1596511677.91208 1                                                                                                                      
 BRA24 3   17089      Pg    1.9582 0.0100  5.0 30.0 4 0  2.78e-04 earthnote 1596511671.20738 1                                                                                                                      
 BRA24 3   17090      Pg    2.0200 0.0100  5.0 30.0 4 0  2.93e-04 earthnote 1596511668.60579 1                                                                                                                      
 BRA24 3   17091      Pg    2.0817 0.0100  5.0 30.0 4 0  3.08e-04 earthnote 1596511665.83630 1                                                                                                                      
 BRA24 3   17092      Pg    2.1286 0.0100  5.0 30.0 4 0  3.24e-04 earthnote 1596511664.61454 1                                                                                                                      
 BRA24 3   17093      Pg    2.1994 0.0100  5.0 30.0 4 0  3.41e-04 earthnote 1596511661.89571 1                                                                                                                      
 BRA24 3   17094      Pg    2.2463 0.0100  5.0 30.0 4 0  3.58e-04 earthnote 1596511659.97061 1                                                                                                                      
 BRA24 3   17095      Pg    2.3117 0.0100  5.0 30.0 4 0  3.75e-04 earthnote 1596511658.21907 1                                                                                                                      
 BRA24 3   17096      Pg    2.3754 0.0100  5.0 30.0 4 0  3.92e-04 earthnote 1596511654.91118 1                                                                                                                      
 BRA24 3   17097      Pg    2.4259 0.0100  5.0 30.0 4 0  4.10e-04 earthnote 1596511652.54727 1                                                                                                                      
 BRA24 3   17098      Pg    2.4854 0.0100  5.0 30.0 4 0  4.27e-04 earthnote 1596511650.45577 1                                                                                                                      
 BRA24 3   17099      Pg    2.5426 0.0100  5.0 30.0 4 0  4.45e-04 earthnote 1596511645.42683 1                                                                                                                      
 BRA24 3   17100      Pg    2.6012 0.0100  5.0 30.0 4 0  4.64e-04 earthnote 1596511643.38811 1                                                                                                                      
 BRA24 3   17101      Pg    2.6532 0.0100  5.0 30.0 4 0  4.82e-04 earthnote 1596511640.67226 1                                                                                                                      
 BRA24 3   17102      Pg    2.7142 0.0100  5.0 30.0 4 0  5.00e-04 earthnote 1596511639.01800 1                                                                                                                      
 BRA24 3   17103      Pg    2.7670 0.0100  5.0 30.0 4 0  5.19e-04 earthnote 1596511636.53378 1                                                                                                                      
 BRA24 3   17104      Pg    2.8332 0.0100  5.0 30.0 4 0  5.38e-04 earthnote 1596511634.79067 1                                                                                                                      
 BRA24 3   17105      Pg    2.8802 0.0100  5.0 30.0 4 0  5.57e-04 earthnote 1596511633.42557 1                                                                                                                      
 BRA24 3   17106      Pg    2.9472 0.0100  5.0 30.0 4 0  5.75e-04 earthnote 1596511632.05389 1                                                                                                                      
