 BRA15 5    7070    dpb1    3.6711 0.0075  3.0 12.0 4 0  1.05e-03 earthnote 1619682484.34647 1                                                                                                                      
 BRA15 5    7071    dpb1    3.6947 0.0075  3.0 12.0 4 0  1.07e-03 earthnote 1619682485.80339 1                                                                                                                      
 BRA15 5    7072    dpb1    3.7083 0.0075  3.0 12.0 4 0  1.08e-03 earthnote 1619682486.87355 1                                                                                                                      
 BRA15 5    7073    dpb1    3.7273 0.0100  3.0 12.0 4 0  5.47e-03 earthnote 1619813602.54355 1                                                                                                                      
 BRA15 5    7074    dpb1    3.7649 0.0075  3.0 12.0 4 0  1.11e-03 earthnote 1619682490.09019 1                                                                                                                      
 BRA15 5    7075    dpb1    3.8007 0.0075  3.0 12.0 4 0  1.12e-03 earthnote 1619682493.98876 1                                                                                                                      
 BRA15 5    7076    dpb1    3.8232 0.0075  3.0 12.0 4 0  1.14e-03 earthnote 1619682491.98566 1                                                                                                                      
 BRA15 5    7077    dpb1    3.8503 0.0075  3.0 12.0 4 0  1.15e-03 earthnote 1619682493.07635 1                                                                                                                      
 BRA15 5    7078    dpb1    3.8888 0.0075  3.0 12.0 4 0  1.16e-03 earthnote 1619682496.09488 1                                                                                                                      
 BRA15 5    7079    dpb1    3.9295 0.0075  3.0 12.0 4 0  1.18e-03 earthnote 1619682497.67296 1                                                                                                                      
 BRA15 5    7080    dpb1    3.9708 0.0075  3.0 12.0 4 0  1.19e-03 earthnote 1619682498.97419 1                                                                                                                      
 BRA15 5    7081    dpb1    4.0016 0.0075  3.0 12.0 4 0  1.21e-03 earthnote 1619682499.84658 1                                                                                                                      
 BRA15 5    7082    dpb1    4.0325 0.0075  3.0 12.0 4 0  1.22e-03 earthnote 1619682500.84739 1                                                                                                                      
 BRA15 5    7083    dpb1    4.0702 0.0075  3.0 12.0 4 0  1.24e-03 earthnote 1619682504.02963 1                                                                                                                      
 BRA15 5    7084    dpb1    4.1005 0.0075  3.0 12.0 4 0  1.25e-03 earthnote 1619682505.20656 1                                                                                                                      
 BRA15 5    7085    dpb1    4.1335 0.0075  3.0 12.0 4 0  1.27e-03 earthnote 1619682507.34102 1                                                                                                                      
 BRA15 5    7086    dpb1    4.1675 0.0075  3.0 12.0 4 0  1.28e-03 earthnote 1619682508.66949 1                                                                                                                      
 BRA15 5    7087    dpb1    4.2042 0.0075  3.0 12.0 4 0  1.30e-03 earthnote 1619682509.73372 1                                                                                                                      
 BRA15 5    7088    dpb1    4.2435 0.0075  3.0 12.0 4 0  1.32e-03 earthnote 1619682511.72976 1                                                                                                                      
 BRA15 5    7089    dpb1    4.2779 0.0075  3.0 12.0 4 0  1.33e-03 earthnote 1619682513.10723 1                                                                                                                      
 BRA15 5    7090    dpb1    4.3225 0.0075  3.0 12.0 4 0  1.35e-03 earthnote 1619682514.88545 1                                                                                                                      
 BRA15 5    7091    dpb1    4.3595 0.0075  3.0 12.0 4 0  1.36e-03 earthnote 1619682516.09575 1                                                                                                                      
 BRA15 5    7092    dpb1    4.3964 0.0075  3.0 12.0 4 0  1.38e-03 earthnote 1619682517.24766 1                                                                                                                      
 BRA15 5    7093    dpb1    4.4402 0.0075  3.0 12.0 4 0  1.40e-03 earthnote 1619682519.52396 1                                                                                                                      
 BRA15 5    7094    dpb1    4.4878 0.0075  3.0 12.0 4 0  1.41e-03 earthnote 1619682520.67986 1                                                                                                                      
 BRA15 5    7095    dpb1    4.5303 0.0075  3.0 12.0 4 0  1.43e-03 earthnote 1619682521.78467 1                                                                                                                      
 BRA15 5    7096    dpb1    4.5711 0.0075  3.0 12.0 4 0  1.45e-03 earthnote 1619682525.73379 1                                                                                                                      
 BRA15 5    7097    dpb1    4.6092 0.0075  3.0 12.0 4 0  1.46e-03 earthnote 1619682526.54928 1                                                                                                                      
 BRA15 5    7098    dpb1    4.6535 0.0075  3.0 12.0 4 0  1.48e-03 earthnote 1619682528.98631 1                                                                                                                      
 BRA15 5    7099    dpb1    4.6996 0.0075  3.0 12.0 4 0  1.50e-03 earthnote 1619682530.95682 1                                                                                                                      
 BRA15 5    7100    dpb1    4.7434 0.0075  3.0 12.0 4 0  1.51e-03 earthnote 1619682532.17475 1                                                                                                                      
 BRA15 5    7101    dpb1    4.7778 0.0075  3.0 12.0 4 0  1.53e-03 earthnote 1619682533.48018 1                                                                                                                      
 BRA15 5    7102    dpb1    4.8101 0.0075  3.0 12.0 4 0  1.55e-03 earthnote 1619682535.17121 1                                                                                                                      
 BRA15 5    7103    dpb1    4.8414 0.0075  3.0 12.0 4 0  1.56e-03 earthnote 1619682536.27517 1                                                                                                                      
 BRA15 5    7104    dpb1    4.8714 0.0075  3.0 12.0 4 0  1.58e-03 earthnote 1619682537.33384 1                                                                                                                      
 BRA15 5    7105    dpb1    4.9006 0.0075  3.0 12.0 4 0  1.60e-03 earthnote 1619682538.36106 1                                                                                                                      
 BRA15 5    7106    dpb1    4.9352 0.0075  3.0 12.0 4 0  1.62e-03 earthnote 1619682539.26419 1                                                                                                                      
 BRA15 5    9075    dpb1    3.5250 0.0100  3.0 12.0 4 0  5.26e-03 earthnote 1619813590.80610 1                                                                                                                      
 BRA15 5    9076    dpb1    3.6113 0.0075  3.0 12.0 4 0  1.07e-03 earthnote 1619682639.80376 1                                                                                                                      
 BRA15 5    9077    dpb1    3.6442 0.0075  3.0 12.0 4 0  1.08e-03 earthnote 1619682633.54530 1                                                                                                                      
 BRA15 5    9078    dpb1    3.6817 0.0075  3.0 12.0 4 0  1.10e-03 earthnote 1619682635.03034 1                                                                                                                      
 BRA15 5    9079    dpb1    3.7365 0.0075  3.0 12.0 4 0  1.11e-03 earthnote 1619682630.38258 1                                                                                                                      
 BRA15 5    9080    dpb1    3.7826 0.0075  3.0 12.0 4 0  1.13e-03 earthnote 1619682627.51794 1                                                                                                                      
 BRA15 5    9081    dpb1    3.8365 0.0075  3.0 12.0 4 0  1.14e-03 earthnote 1619682626.55972 1                                                                                                                      
 BRA15 5    9082    dpb1    3.8906 0.0075  3.0 12.0 4 0  1.16e-03 earthnote 1619682625.60643 1                                                                                                                      
 BRA15 5    9083    dpb1    3.9443 0.0075  3.0 12.0 4 0  1.18e-03 earthnote 1619682623.87576 1                                                                                                                      
 BRA15 5    9084    dpb1    3.9965 0.0075  3.0 12.0 4 0  1.19e-03 earthnote 1619682622.79467 1                                                                                                                      
 BRA15 5    9085    dpb1    4.0403 0.0075  3.0 12.0 4 0  1.21e-03 earthnote 1619682619.67845 1                                                                                                                      
 BRA15 5    9086    dpb1    4.0943 0.0075  3.0 12.0 4 0  1.22e-03 earthnote 1619682618.69215 1                                                                                                                      
 BRA15 5    9087    dpb1    4.1292 0.0075  3.0 12.0 4 0  1.24e-03 earthnote 1619682615.99693 1                                                                                                                      
 BRA15 5    9088    dpb1    4.1754 0.0075  3.0 12.0 4 0  1.26e-03 earthnote 1619682614.26534 1                                                                                                                      
 BRA15 5    9089    dpb1    4.2191 0.0075  3.0 12.0 4 0  1.27e-03 earthnote 1619682609.74527 1                                                                                                                      
 BRA15 5    9090    dpb1    4.2649 0.0075  3.0 12.0 4 0  1.29e-03 earthnote 1619682608.80067 1                                                                                                                      
 BRA15 5    9091    dpb1    4.2928 0.0075  3.0 12.0 4 0  1.31e-03 earthnote 1619682607.78906 1                                                                                                                      
 BRA15 5    9092    dpb1    4.3312 0.0075  3.0 12.0 4 0  1.32e-03 earthnote 1619682606.73075 1                                                                                                                      
 BRA15 5    9093    dpb1    4.3693 0.0075  3.0 12.0 4 0  1.34e-03 earthnote 1619682605.31941 1                                                                                                                      
 BRA15 5    9094    dpb1    4.4132 0.0075  3.0 12.0 4 0  1.36e-03 earthnote 1619682604.35979 1                                                                                                                      
 BRA15 5    9095    dpb1    4.4587 0.0075  3.0 12.0 4 0  1.38e-03 earthnote 1619682602.75721 1                                                                                                                      
 BRA15 5    9096    dpb1    4.4996 0.0075  3.0 12.0 4 0  1.39e-03 earthnote 1619682601.90684 1                                                                                                                      
 BRA15 5    9097    dpb1    4.5434 0.0075  3.0 12.0 4 0  1.41e-03 earthnote 1619682600.45296 1                                                                                                                      
 BRA15 5    9098    dpb1    4.5913 0.0075  3.0 12.0 4 0  1.43e-03 earthnote 1619682599.40803 1                                                                                                                      
 BRA15 5    9099    dpb1    4.6335 0.0075  3.0 12.0 4 0  1.45e-03 earthnote 1619682598.38253 1                                                                                                                      
 BRA15 5    9100    dpb1    4.6791 0.0075  3.0 12.0 4 0  1.46e-03 earthnote 1619682597.25998 1                                                                                                                      
 BRA15 5    9101    dpb1    4.7211 0.0075  3.0 12.0 4 0  1.48e-03 earthnote 1619682596.39086 1                                                                                                                      
 BRA15 5    9102    dpb1    4.7618 0.0075  3.0 12.0 4 0  1.50e-03 earthnote 1619682595.27516 1                                                                                                                      
 BRA15 5    9103    dpb1    4.7888 0.0075  3.0 12.0 4 0  1.52e-03 earthnote 1619682594.24784 1                                                                                                                      
 BRA15 5    9104    dpb1    4.8259 0.0075  3.0 12.0 4 0  1.53e-03 earthnote 1619682593.09351 1                                                                                                                      
 BRA15 5    9105    dpb1    4.8587 0.0075  3.0 12.0 4 0  1.55e-03 earthnote 1619682591.86244 1                                                                                                                      
 BRA15 5    9106    dpb1    4.8954 0.0075  3.0 12.0 4 0  1.57e-03 earthnote 1619682590.79845 1                                                                                                                      
 BRA15 5   10075    dpb1    3.4964 0.0075  3.0 12.0 4 0  1.02e-03 earthnote 1619682720.53842 1                                                                                                                      
 BRA15 5   10076    dpb1    3.5267 0.0075  3.0 12.0 4 0  1.03e-03 earthnote 1619682721.52040 1                                                                                                                      
 BRA15 5   10077    dpb1    3.5672 0.0075  3.0 12.0 4 0  1.05e-03 earthnote 1619682722.45873 1                                                                                                                      
 BRA15 5   10078    dpb1    3.5922 0.0075  3.0 12.0 4 0  1.07e-03 earthnote 1619682723.46347 1                                                                                                                      
 BRA15 5   10079    dpb1    3.6472 0.0075  3.0 12.0 4 0  1.08e-03 earthnote 1619682724.66832 1                                                                                                                      
 BRA15 5   10080    dpb1    3.7130 0.0100  3.0 12.0 4 0  5.49e-03 earthnote 1619813587.71501 1                                                                                                                      
 BRA15 5   10081    dpb1    3.7609 0.0075  3.0 12.0 4 0  1.11e-03 earthnote 1619682726.73483 1                                                                                                                      
 BRA15 5   10082    dpb1    3.8195 0.0075  3.0 12.0 4 0  1.13e-03 earthnote 1619682755.84602 1                                                                                                                      
 BRA15 5   10083    dpb1    3.8852 0.0075  3.0 12.0 4 0  1.15e-03 earthnote 1619682757.10175 1                                                                                                                      
 BRA15 5   10084    dpb1    3.9442 0.0075  3.0 12.0 4 0  1.16e-03 earthnote 1619682757.97644 1                                                                                                                      
 BRA15 5   10085    dpb1    4.0038 0.0075  3.0 12.0 4 0  1.18e-03 earthnote 1619682758.86720 1                                                                                                                      
 BRA15 5   10086    dpb1    4.0564 0.0075  3.0 12.0 4 0  1.20e-03 earthnote 1619682759.68996 1                                                                                                                      
 BRA15 5   10087    dpb1    4.0908 0.0075  3.0 12.0 4 0  1.21e-03 earthnote 1619682763.48940 1                                                                                                                      
 BRA15 5   10088    dpb1    4.1381 0.0075  3.0 12.0 4 0  1.23e-03 earthnote 1619682764.92192 1                                                                                                                      
 BRA15 5   10089    dpb1    4.1749 0.0075  3.0 12.0 4 0  1.25e-03 earthnote 1619682765.81097 1                                                                                                                      
 BRA15 5   10090    dpb1    4.2099 0.0075  3.0 12.0 4 0  1.26e-03 earthnote 1619682766.99770 1                                                                                                                      
 BRA15 5   10091    dpb1    4.2469 0.0075  3.0 12.0 4 0  1.28e-03 earthnote 1619682769.74449 1                                                                                                                      
 BRA15 5   10092    dpb1    4.2867 0.0075  3.0 12.0 4 0  1.30e-03 earthnote 1619682770.78756 1                                                                                                                      
 BRA15 5   10093    dpb1    4.3243 0.0075  3.0 12.0 4 0  1.32e-03 earthnote 1619682774.39937 1                                                                                                                      
 BRA15 5   10094    dpb1    4.3547 0.0075  3.0 12.0 4 0  1.33e-03 earthnote 1619683034.58291 1                                                                                                                      
 BRA15 5   10095    dpb1    4.3810 0.0075  3.0 12.0 4 0  1.35e-03 earthnote 1619683033.03626 1                                                                                                                      
 BRA15 5   10096    dpb1    4.4170 0.0075  3.0 12.0 4 0  1.37e-03 earthnote 1619683042.00472 1                                                                                                                      
 BRA15 5   10097    dpb1    4.4493 0.0075  3.0 12.0 4 0  1.39e-03 earthnote 1619683044.58989 1                                                                                                                      
 BRA15 5   10098    dpb1    4.4839 0.0075  3.0 12.0 4 0  1.40e-03 earthnote 1619683045.72693 1                                                                                                                      
 BRA15 5   10099    dpb1    4.5236 0.0075  3.0 12.0 4 0  1.42e-03 earthnote 1619683046.81835 1                                                                                                                      
 BRA15 5   10100    dpb1    4.5589 0.0075  3.0 12.0 4 0  1.44e-03 earthnote 1619683047.84260 1                                                                                                                      
 BRA15 5   10101    dpb1    4.5969 0.0075  3.0 12.0 4 0  1.46e-03 earthnote 1619683059.70884 1                                                                                                                      
 BRA15 5   10102    dpb1    4.6338 0.0075  3.0 12.0 4 0  1.47e-03 earthnote 1619683062.00767 1                                                                                                                      
 BRA15 5   10103    dpb1    4.6675 0.0075  3.0 12.0 4 0  1.49e-03 earthnote 1619683064.51525 1                                                                                                                      
 BRA15 5   10104    dpb1    4.6957 0.0075  3.0 12.0 4 0  1.51e-03 earthnote 1619683066.41982 1                                                                                                                      
 BRA15 5   10105    dpb1    4.7401 0.0075  3.0 12.0 4 0  1.53e-03 earthnote 1619683053.98127 1                                                                                                                      
 BRA15 5   10106    dpb1    4.7835 0.0075  3.0 12.0 4 0  1.55e-03 earthnote 1619683055.15727 1                                                                                                                      
 BRA15 5   11072    dpb1    3.3024 0.0075  3.0 12.0 4 0  9.41e-04 earthnote 1619682964.36947 1                                                                                                                      
 BRA15 5   11073    dpb1    3.3371 0.0075  3.0 12.0 4 0  9.57e-04 earthnote 1619682965.71720 1                                                                                                                      
 BRA15 5   11074    dpb1    3.3705 0.0075  3.0 12.0 4 0  9.72e-04 earthnote 1619682967.36786 1                                                                                                                      
 BRA15 5   11075    dpb1    3.4106 0.0075  3.0 12.0 4 0  9.88e-04 earthnote 1619682972.87935 1                                                                                                                      
 BRA15 5   11076    dpb1    3.4555 0.0075  3.0 12.0 4 0  1.00e-03 earthnote 1619682951.69259 1                                                                                                                      
 BRA15 5   11077    dpb1    3.4935 0.0075  3.0 12.0 4 0  1.02e-03 earthnote 1619682950.86312 1                                                                                                                      
 BRA15 5   11078    dpb1    3.5404 0.0075  3.0 12.0 4 0  1.04e-03 earthnote 1619682949.91763 1                                                                                                                      
 BRA15 5   11079    dpb1    3.5933 0.0075  3.0 12.0 4 0  1.05e-03 earthnote 1619682948.76227 1                                                                                                                      
 BRA15 5   11080    dpb1    3.6526 0.0075  3.0 12.0 4 0  1.07e-03 earthnote 1619682947.84237 1                                                                                                                      
 BRA15 5   11081    dpb1    3.7134 0.0075  3.0 12.0 4 0  1.09e-03 earthnote 1619682946.39424 1                                                                                                                      
 BRA15 5   11082    dpb1    3.7731 0.0075  3.0 12.0 4 0  1.10e-03 earthnote 1619682937.62457 1                                                                                                                      
 BRA15 5   11083    dpb1    3.8300 0.0075  3.0 12.0 4 0  1.12e-03 earthnote 1619682935.39778 1                                                                                                                      
 BRA15 5   11084    dpb1    3.8952 0.0075  3.0 12.0 4 0  1.14e-03 earthnote 1619682933.44948 1                                                                                                                      
 BRA15 5   11085    dpb1    3.9593 0.0075  3.0 12.0 4 0  1.15e-03 earthnote 1619682932.45759 1                                                                                                                      
 BRA15 5   11086    dpb1    4.0059 0.0075  3.0 12.0 4 0  1.17e-03 earthnote 1619682931.48025 1                                                                                                                      
 BRA15 5   11087    dpb1    4.0488 0.0075  3.0 12.0 4 0  1.19e-03 earthnote 1619682929.75704 1                                                                                                                      
 BRA15 5   11088    dpb1    4.0778 0.0075  3.0 12.0 4 0  1.20e-03 earthnote 1619682928.62492 1                                                                                                                      
 BRA15 5   11089    dpb1    4.1231 0.0075  3.0 12.0 4 0  1.22e-03 earthnote 1619682927.19110 1                                                                                                                      
 BRA15 5   11090    dpb1    4.1591 0.0075  3.0 12.0 4 0  1.24e-03 earthnote 1619682925.78369 1                                                                                                                      
 BRA15 5   11091    dpb1    4.1944 0.0075  3.0 12.0 4 0  1.26e-03 earthnote 1619682924.62812 1                                                                                                                      
 BRA15 5   11092    dpb1    4.2363 0.0075  3.0 12.0 4 0  1.27e-03 earthnote 1619682923.91706 1                                                                                                                      
 BRA15 5   11093    dpb1    4.2596 0.0075  3.0 12.0 4 0  1.29e-03 earthnote 1619682922.85879 1                                                                                                                      
 BRA15 5   11094    dpb1    4.2872 0.0075  3.0 12.0 4 0  1.31e-03 earthnote 1619682921.29852 1                                                                                                                      
 BRA15 5   11095    dpb1    4.3298 0.0075  3.0 12.0 4 0  1.33e-03 earthnote 1619682918.99461 1                                                                                                                      
 BRA15 5   11096    dpb1    4.3652 0.0075  3.0 12.0 4 0  1.35e-03 earthnote 1619682917.88589 1                                                                                                                      
 BRA15 5   11097    dpb1    4.4044 0.0075  3.0 12.0 4 0  1.36e-03 earthnote 1619682916.88577 1                                                                                                                      
 BRA15 5   11098    dpb1    4.4451 0.0075  3.0 12.0 4 0  1.38e-03 earthnote 1619682915.74620 1                                                                                                                      
 BRA15 5   11099    dpb1    4.4852 0.0075  3.0 12.0 4 0  1.40e-03 earthnote 1619682914.57583 1                                                                                                                      
 BRA15 5   11100    dpb1    4.5208 0.0075  3.0 12.0 4 0  1.42e-03 earthnote 1619682913.67742 1                                                                                                                      
 BRA15 5   11101    dpb1    4.5649 0.0075  3.0 12.0 4 0  1.44e-03 earthnote 1619682912.56739 1                                                                                                                      
 BRA15 5   11102    dpb1    4.5940 0.0075  3.0 12.0 4 0  1.45e-03 earthnote 1619682911.27232 1                                                                                                                      
 BRA15 5   11103    dpb1    4.6323 0.0075  3.0 12.0 4 0  1.47e-03 earthnote 1619682907.13099 1                                                                                                                      
 BRA15 5   11104    dpb1    4.6627 0.0075  3.0 12.0 4 0  1.49e-03 earthnote 1619682909.01313 1                                                                                                                      
 BRA15 5   11105    dpb1    4.7085 0.0075  3.0 12.0 4 0  1.51e-03 earthnote 1619682905.01075 1                                                                                                                      
 BRA15 5   11106    dpb1    4.7579 0.0075  3.0 12.0 4 0  1.53e-03 earthnote 1619682903.81093 1                                                                                                                      
 BRA15 5   12068    dpb1    3.3182 0.0150  3.0 12.0 4 0  6.78e-04 earthnote 1619794147.33005 1                                                                                                                      
 BRA15 5   12069    dpb1    3.3207 0.0150  3.0 12.0 4 0  4.31e-04 earthnote 1619793980.65681 1                                                                                                                      
 BRA15 5   12070    dpb1    3.3270 0.0150  3.0 12.0 4 0  4.39e-04 earthnote 1619793979.30776 1                                                                                                                      
 BRA15 5   12071    dpb1    3.3367 0.0150  3.0 12.0 4 0  4.47e-04 earthnote 1619793978.25381 1                                                                                                                      
 BRA15 5   12072    dpb1    3.3508 0.0150  3.0 12.0 4 0  4.55e-04 earthnote 1619793976.92320 1                                                                                                                      
 BRA15 5   12073    dpb1    3.3101 0.0150  3.0 12.0 4 0  4.63e-04 earthnote 1619793964.72649 1                                                                                                                      
 BRA15 5   12074    dpb1    3.3203 0.0075  3.0 12.0 4 0  9.42e-04 earthnote 1619683114.06904 1                                                                                                                      
 BRA15 5   12075    dpb1    3.3530 0.0150  3.0 12.0 4 0  4.79e-04 earthnote 1619793995.78617 1                                                                                                                      
 BRA15 5   12076    dpb1    3.3673 0.0075  3.0 12.0 4 0  9.74e-04 earthnote 1619683120.70591 1                                                                                                                      
 BRA15 5   12077    dpb1    3.4277 0.0075  3.0 12.0 4 0  9.91e-04 earthnote 1619683122.66726 1                                                                                                                      
 BRA15 5   12078    dpb1    3.4725 0.0075  3.0 12.0 4 0  1.01e-03 earthnote 1619683124.20345 1                                                                                                                      
 BRA15 5   12079    dpb1    3.5059 0.0075  3.0 12.0 4 0  1.02e-03 earthnote 1619683125.19810 1                                                                                                                      
 BRA15 5   12080    dpb1    3.5629 0.0075  3.0 12.0 4 0  1.04e-03 earthnote 1619683126.25874 1                                                                                                                      
 BRA15 5   12081    dpb1    3.6311 0.0075  3.0 12.0 4 0  1.06e-03 earthnote 1619683131.38528 1                                                                                                                      
 BRA15 5   12082    dpb1    3.6938 0.0075  3.0 12.0 4 0  1.08e-03 earthnote 1619683132.98016 1                                                                                                                      
 BRA15 5   12083    dpb1    3.7653 0.0075  3.0 12.0 4 0  1.09e-03 earthnote 1619683133.78247 1                                                                                                                      
 BRA15 5   12084    dpb1    3.8379 0.0075  3.0 12.0 4 0  1.11e-03 earthnote 1619683134.75679 1                                                                                                                      
 BRA15 5   12085    dpb1    3.9060 0.0075  3.0 12.0 4 0  1.13e-03 earthnote 1619683135.68530 1                                                                                                                      
 BRA15 5   12086    dpb1    3.9656 0.0075  3.0 12.0 4 0  1.14e-03 earthnote 1619683137.99654 1                                                                                                                      
 BRA15 5   12087    dpb1    4.0100 0.0075  3.0 12.0 4 0  1.16e-03 earthnote 1619683139.21964 1                                                                                                                      
 BRA15 5   12088    dpb1    4.0480 0.0075  3.0 12.0 4 0  1.18e-03 earthnote 1619683140.66341 1                                                                                                                      
 BRA15 5   12089    dpb1    4.0851 0.0075  3.0 12.0 4 0  1.20e-03 earthnote 1619683146.64721 1                                                                                                                      
 BRA15 5   12090    dpb1    4.1219 0.0075  3.0 12.0 4 0  1.21e-03 earthnote 1619683148.61035 1                                                                                                                      
 BRA15 5   12091    dpb1    4.1535 0.0075  3.0 12.0 4 0  1.23e-03 earthnote 1619683144.05929 1                                                                                                                      
 BRA15 5   12092    dpb1    4.1842 0.0075  3.0 12.0 4 0  1.25e-03 earthnote 1619683145.13329 1                                                                                                                      
 BRA15 5   12093    dpb1    4.2113 0.0075  3.0 12.0 4 0  1.27e-03 earthnote 1619683150.47733 1                                                                                                                      
 BRA15 5   12094    dpb1    4.2434 0.0075  3.0 12.0 4 0  1.29e-03 earthnote 1619683170.27485 1                                                                                                                      
 BRA15 5   12095    dpb1    4.2747 0.0075  3.0 12.0 4 0  1.30e-03 earthnote 1619683168.89303 1                                                                                                                      
 BRA15 5   12096    dpb1    4.3279 0.0075  3.0 12.0 4 0  1.32e-03 earthnote 1619683154.03357 1                                                                                                                      
 BRA15 5   12097    dpb1    4.3641 0.0075  3.0 12.0 4 0  1.34e-03 earthnote 1619683155.44190 1                                                                                                                      
 BRA15 5   12098    dpb1    4.4066 0.0075  3.0 12.0 4 0  1.36e-03 earthnote 1619683156.34153 1                                                                                                                      
 BRA15 5   12099    dpb1    4.4400 0.0075  3.0 12.0 4 0  1.38e-03 earthnote 1619683157.54979 1                                                                                                                      
 BRA15 5   12100    dpb1    4.4867 0.0075  3.0 12.0 4 0  1.40e-03 earthnote 1619683158.75268 1                                                                                                                      
 BRA15 5   12101    dpb1    4.5262 0.0075  3.0 12.0 4 0  1.41e-03 earthnote 1619683160.71688 1                                                                                                                      
 BRA15 5   12102    dpb1    4.5723 0.0075  3.0 12.0 4 0  1.43e-03 earthnote 1619683161.96342 1                                                                                                                      
 BRA15 5   12103    dpb1    4.6141 0.0075  3.0 12.0 4 0  1.46e-03 earthnote 1619683162.87587 1                                                                                                                      
 BRA15 5   12104    dpb1    4.6517 0.0075  3.0 12.0 4 0  1.48e-03 earthnote 1619683164.48975 1                                                                                                                      
 BRA15 5   12105    dpb1    4.6870 0.0075  3.0 12.0 4 0  1.50e-03 earthnote 1619683165.40710 1                                                                                                                      
 BRA15 5   12106    dpb1    4.7229 0.0075  3.0 12.0 4 0  1.51e-03 earthnote 1619683166.28348 1                                                                                                                      
 BRA15 5   13073    dpb1    3.2970 0.0075  3.0 12.0 4 0  8.97e-04 earthnote 1619683264.81765 1                                                                                                                      
 BRA15 5   13074    dpb1    3.2859 0.0075  3.0 12.0 4 0  9.14e-04 earthnote 1619683262.88575 1                                                                                                                      
 BRA15 5   13075    dpb1    3.2856 0.0075  3.0 12.0 4 0  9.30e-04 earthnote 1619683261.69357 1                                                                                                                      
 BRA15 5   13076    dpb1    3.3026 0.0075  3.0 12.0 4 0  9.47e-04 earthnote 1619683260.90340 1                                                                                                                      
 BRA15 5   13077    dpb1    3.3421 0.0075  3.0 12.0 4 0  9.64e-04 earthnote 1619683259.99164 1                                                                                                                      
 BRA15 5   13078    dpb1    3.3875 0.0075  3.0 12.0 4 0  9.82e-04 earthnote 1619683259.12756 1                                                                                                                      
 BRA15 5   13079    dpb1    3.4420 0.0075  3.0 12.0 4 0  9.99e-04 earthnote 1619683257.77429 1                                                                                                                      
 BRA15 5   13080    dpb1    3.4954 0.0075  3.0 12.0 4 0  1.02e-03 earthnote 1619683256.00361 1                                                                                                                      
 BRA15 5   13081    dpb1    3.5570 0.0075  3.0 12.0 4 0  1.03e-03 earthnote 1619683255.16978 1                                                                                                                      
 BRA15 5   13082    dpb1    3.6407 0.0075  3.0 12.0 4 0  1.05e-03 earthnote 1619683253.75255 1                                                                                                                      
 BRA15 5   13083    dpb1    3.7005 0.0075  3.0 12.0 4 0  1.07e-03 earthnote 1619683252.71269 1                                                                                                                      
 BRA15 5   13084    dpb1    3.7697 0.0075  3.0 12.0 4 0  1.09e-03 earthnote 1619683251.43773 1                                                                                                                      
 BRA15 5   13085    dpb1    3.8348 0.0075  3.0 12.0 4 0  1.10e-03 earthnote 1619683249.19496 1                                                                                                                      
 BRA15 5   13086    dpb1    3.8915 0.0075  3.0 12.0 4 0  1.12e-03 earthnote 1619683247.72378 1                                                                                                                      
 BRA15 5   13087    dpb1    3.9417 0.0075  3.0 12.0 4 0  1.14e-03 earthnote 1619683246.08192 1                                                                                                                      
 BRA15 5   13088    dpb1    3.9897 0.0075  3.0 12.0 4 0  1.16e-03 earthnote 1619683244.87140 1                                                                                                                      
 BRA15 5   13089    dpb1    4.0300 0.0075  3.0 12.0 4 0  1.18e-03 earthnote 1619683243.49791 1                                                                                                                      
 BRA15 5   13090    dpb1    4.0752 0.0075  3.0 12.0 4 0  1.19e-03 earthnote 1619683242.51111 1                                                                                                                      
 BRA15 5   13091    dpb1    4.1152 0.0075  3.0 12.0 4 0  1.21e-03 earthnote 1619683240.70709 1                                                                                                                      
 BRA15 5   13092    dpb1    4.1593 0.0075  3.0 12.0 4 0  1.23e-03 earthnote 1619683239.57169 1                                                                                                                      
 BRA15 5   13093    dpb1    4.1973 0.0075  3.0 12.0 4 0  1.25e-03 earthnote 1619683238.52301 1                                                                                                                      
 BRA15 5   13094    dpb1    4.2280 0.0075  3.0 12.0 4 0  1.27e-03 earthnote 1619683237.54661 1                                                                                                                      
 BRA15 5   13095    dpb1    4.2625 0.0075  3.0 12.0 4 0  1.29e-03 earthnote 1619683236.56839 1                                                                                                                      
 BRA15 5   13096    dpb1    4.2961 0.0075  3.0 12.0 4 0  1.30e-03 earthnote 1619683235.52770 1                                                                                                                      
 BRA15 5   13097    dpb1    4.3366 0.0075  3.0 12.0 4 0  1.32e-03 earthnote 1619683234.37000 1                                                                                                                      
 BRA15 5   13098    dpb1    4.3775 0.0075  3.0 12.0 4 0  1.34e-03 earthnote 1619683233.46817 1                                                                                                                      
 BRA15 5   13099    dpb1    4.4103 0.0075  3.0 12.0 4 0  1.36e-03 earthnote 1619683232.37195 1                                                                                                                      
 BRA15 5   13100    dpb1    4.4486 0.0075  3.0 12.0 4 0  1.38e-03 earthnote 1619683231.00927 1                                                                                                                      
 BRA15 5   13101    dpb1    4.4921 0.0150  3.0 12.0 4 0  4.19e-03 earthnote 1619709300.36486 1                                                                                                                      
 BRA15 5   13102    dpb1    4.5378 0.0075  3.0 12.0 4 0  1.42e-03 earthnote 1619683220.53811 1                                                                                                                      
 BRA15 5   13103    dpb1    4.5780 0.0075  3.0 12.0 4 0  1.43e-03 earthnote 1619683219.39107 1                                                                                                                      
 BRA15 5   13104    dpb1    4.6221 0.0075  3.0 12.0 4 0  1.45e-03 earthnote 1619683218.27789 1                                                                                                                      
 BRA15 5   13105    dpb1    4.6652 0.0075  3.0 12.0 4 0  1.47e-03 earthnote 1619683217.21999 1                                                                                                                      
 BRA15 5   13106    dpb1    4.7059 0.0075  3.0 12.0 4 0  1.49e-03 earthnote 1619683215.76201 1                                                                                                                      
 BRA15 5   14072    dpb1    3.2576 0.0150  3.0 12.0 4 0  8.52e-04 earthnote 1619683841.99393 1                                                                                                                      
 BRA15 5   14073    dpb1    3.2404 0.0150  3.0 12.0 4 0  8.69e-04 earthnote 1619683735.06103 1                                                                                                                      
 BRA15 5   14074    dpb1    3.2424 0.0150  3.0 12.0 4 0  8.86e-04 earthnote 1619683732.62537 1                                                                                                                      
 BRA15 5   14075    dpb1    3.2386 0.0150  3.0 12.0 4 0  9.04e-04 earthnote 1619683728.27604 1                                                                                                                      
 BRA15 5   14076    dpb1    3.2452 0.0150  3.0 12.0 4 0  9.21e-04 earthnote 1619683727.32800 1                                                                                                                      
 BRA15 5   14077    dpb1    3.2800 0.0150  3.0 12.0 4 0  9.39e-04 earthnote 1619683726.48279 1                                                                                                                      
 BRA15 5   14078    dpb1    3.3085 0.0150  3.0 12.0 4 0  9.56e-04 earthnote 1619683724.12611 1                                                                                                                      
 BRA15 5   14079    dpb1    3.3647 0.0150  3.0 12.0 4 0  9.74e-04 earthnote 1619683723.21013 1                                                                                                                      
 BRA15 5   14080    dpb1    3.4278 0.0150  3.0 12.0 4 0  9.91e-04 earthnote 1619683716.59528 1                                                                                                                      
 BRA15 5   14081    dpb1    3.5081 0.0150  3.0 12.0 4 0  1.01e-03 earthnote 1619683713.54174 1                                                                                                                      
 BRA15 5   14082    dpb1    3.5699 0.0150  3.0 12.0 4 0  1.03e-03 earthnote 1619683712.44543 1                                                                                                                      
 BRA15 5   14083    dpb1    3.6328 0.0150  3.0 12.0 4 0  1.05e-03 earthnote 1619683709.70350 1                                                                                                                      
 BRA15 5   14084    dpb1    3.7024 0.0150  3.0 12.0 4 0  1.06e-03 earthnote 1619683708.68031 1                                                                                                                      
 BRA15 5   14085    dpb1    3.7660 0.0150  3.0 12.0 4 0  1.08e-03 earthnote 1619683707.49457 1                                                                                                                      
 BRA15 5   14086    dpb1    3.8275 0.0150  3.0 12.0 4 0  1.10e-03 earthnote 1619683706.18865 1                                                                                                                      
 BRA15 5   14087    dpb1    3.8754 0.0150  3.0 12.0 4 0  1.12e-03 earthnote 1619683705.05922 1                                                                                                                      
 BRA15 5   14088    dpb1    3.9208 0.0150  3.0 12.0 4 0  1.14e-03 earthnote 1619683703.72746 1                                                                                                                      
 BRA15 5   14089    dpb1    3.9749 0.0150  3.0 12.0 4 0  1.15e-03 earthnote 1619683702.44620 1                                                                                                                      
 BRA15 5   14090    dpb1    4.0181 0.0150  3.0 12.0 4 0  1.17e-03 earthnote 1619683700.62843 1                                                                                                                      
 BRA15 5   14091    dpb1    4.0651 0.0150  3.0 12.0 4 0  1.19e-03 earthnote 1619683699.12020 1                                                                                                                      
 BRA15 5   14092    dpb1    4.1076 0.0150  3.0 12.0 4 0  1.21e-03 earthnote 1619683695.20393 1                                                                                                                      
 BRA15 5   14093    dpb1    4.1475 0.0150  3.0 12.0 4 0  1.23e-03 earthnote 1619683692.96250 1                                                                                                                      
 BRA15 5   14094    dpb1    4.1933 0.0150  3.0 12.0 4 0  1.25e-03 earthnote 1619683691.91691 1                                                                                                                      
 BRA15 5   14095    dpb1    4.2367 0.0150  3.0 12.0 4 0  1.27e-03 earthnote 1619683690.86123 1                                                                                                                      
 BRA15 5   14096    dpb1    4.2754 0.0150  3.0 12.0 4 0  1.28e-03 earthnote 1619683688.53106 1                                                                                                                      
 BRA15 5   14097    dpb1    4.3020 0.0150  3.0 12.0 4 0  3.91e-03 earthnote 1619709295.97979 1                                                                                                                      
 BRA15 5   14098    dpb1    4.3456 0.0150  3.0 12.0 4 0  3.97e-03 earthnote 1619709303.22389 1                                                                                                                      
 BRA15 5   14099    dpb1    4.3900 0.0150  3.0 12.0 4 0  4.02e-03 earthnote 1619709305.24289 1                                                                                                                      
 BRA15 5   14100    dpb1    4.4221 0.0150  3.0 12.0 4 0  4.08e-03 earthnote 1619709306.37936 1                                                                                                                      
 BRA15 5   14101    dpb1    4.4645 0.0150  3.0 12.0 4 0  4.14e-03 earthnote 1619709308.26761 1                                                                                                                      
 BRA15 5   14102    dpb1    4.5045 0.0150  3.0 12.0 4 0  4.19e-03 earthnote 1619709311.75747 1                                                                                                                      
 BRA15 5   14103    dpb1    4.5480 0.0150  3.0 12.0 4 0  1.42e-03 earthnote 1619683677.66829 1                                                                                                                      
 BRA15 5   14104    dpb1    4.5888 0.0150  3.0 12.0 4 0  1.44e-03 earthnote 1619683675.95369 1                                                                                                                      
 BRA15 5   14105    dpb1    4.6283 0.0150  3.0 12.0 4 0  1.45e-03 earthnote 1619683674.84824 1                                                                                                                      
 BRA15 5   14106    dpb1    4.6732 0.0150  3.0 12.0 4 0  1.47e-03 earthnote 1619683673.82011 1                                                                                                                      
 BRA15 5   15077    dpb1    3.3137 0.0100  3.0 12.0 4 0  7.33e-04 earthnote 1619801411.04360 1                                                                                                                      
 BRA15 5   15078    dpb1    3.3308 0.0100  3.0 12.0 4 0  7.47e-04 earthnote 1619801384.89129 1                                                                                                                      
 BRA15 5   15079    dpb1    3.3599 0.0100  3.0 12.0 4 0  7.61e-04 earthnote 1619801380.19848 1                                                                                                                      
 BRA15 5   15080    dpb1    3.4042 0.0100  3.0 12.0 4 0  7.76e-04 earthnote 1619801379.00401 1                                                                                                                      
 BRA15 5   15081    dpb1    3.4688 0.0100  3.0 12.0 4 0  7.91e-04 earthnote 1619801378.17122 1                                                                                                                      
 BRA15 5   15082    dpb1    3.5292 0.0100  3.0 12.0 4 0  8.05e-04 earthnote 1619801377.25811 1                                                                                                                      
 BRA15 5   15083    dpb1    3.5878 0.0100  3.0 12.0 4 0  8.20e-04 earthnote 1619801375.85213 1                                                                                                                      
 BRA15 5   15084    dpb1    3.6390 0.0150  3.0 12.0 4 0  2.09e-03 earthnote 1619709513.57312 1                                                                                                                      
 BRA15 5   15085    dpb1    3.7185 0.0150  3.0 12.0 4 0  2.12e-03 earthnote 1619709512.68055 1                                                                                                                      
 BRA15 5   15086    dpb1    3.7734 0.0150  3.0 12.0 4 0  2.16e-03 earthnote 1619709511.82347 1                                                                                                                      
 BRA15 5   15087    dpb1    3.8297 0.0150  3.0 12.0 4 0  2.20e-03 earthnote 1619709510.60582 1                                                                                                                      
 BRA15 5   15088    dpb1    3.8797 0.0150  3.0 12.0 4 0  2.24e-03 earthnote 1619709509.22209 1                                                                                                                      
 BRA15 5   15089    dpb1    3.9301 0.0150  3.0 12.0 4 0  2.27e-03 earthnote 1619709507.57895 1                                                                                                                      
 BRA15 5   15090    dpb1    3.9762 0.0150  3.0 12.0 4 0  2.31e-03 earthnote 1619709505.99460 1                                                                                                                      
 BRA15 5   15091    dpb1    4.0236 0.0150  3.0 12.0 4 0  2.35e-03 earthnote 1619709504.53188 1                                                                                                                      
 BRA15 5   15092    dpb1    4.0654 0.0150  3.0 12.0 4 0  2.39e-03 earthnote 1619709503.14111 1                                                                                                                      
 BRA15 5   15093    dpb1    4.1096 0.0150  3.0 12.0 4 0  2.42e-03 earthnote 1619709501.95385 1                                                                                                                      
 BRA15 5   15094    dpb1    4.1506 0.0150  3.0 12.0 4 0  2.46e-03 earthnote 1619709500.79564 1                                                                                                                      
 BRA15 5   15095    dpb1    4.1936 0.0150  3.0 12.0 4 0  2.50e-03 earthnote 1619709499.68251 1                                                                                                                      
 BRA15 5   15096    dpb1    4.2349 0.0150  3.0 12.0 4 0  2.54e-03 earthnote 1619709497.16144 1                                                                                                                      
 BRA15 5   15097    dpb1    4.2803 0.0150  3.0 12.0 4 0  2.57e-03 earthnote 1619709496.13082 1                                                                                                                      
 BRA15 5   15098    dpb1    4.3175 0.0150  3.0 12.0 4 0  2.61e-03 earthnote 1619709495.08651 1                                                                                                                      
 BRA15 5   15099    dpb1    4.3586 0.0100  3.0 12.0 4 0  3.98e-03 earthnote 1619709243.95692 1                                                                                                                      
 BRA15 5   15100    dpb1    4.3895 0.0100  3.0 12.0 4 0  4.03e-03 earthnote 1619709237.92044 1                                                                                                                      
 BRA15 5   15101    dpb1    4.4172 0.0150  3.0 12.0 4 0  4.09e-03 earthnote 1619709315.96229 1                                                                                                                      
 BRA15 5   15102    dpb1    4.4480 0.0150  3.0 12.0 4 0  4.15e-03 earthnote 1619709313.08377 1                                                                                                                      
 BRA15 5   15103    dpb1    4.4894 0.0150  3.0 12.0 4 0  2.80e-03 earthnote 1619709490.62450 1                                                                                                                      
 BRA15 5   15104    dpb1    4.5235 0.0150  3.0 12.0 4 0  2.84e-03 earthnote 1619709491.96121 1                                                                                                                      
 BRA15 5   15105    dpb1    4.5637 0.0150  3.0 12.0 4 0  2.88e-03 earthnote 1619709543.78351 1                                                                                                                      
 BRA15 5   15106    dpb1    4.6103 0.0150  3.0 12.0 4 0  2.92e-03 earthnote 1619709545.86431 1                                                                                                                      
 BRA15 5   16084    dpb1    3.6991 0.0100  3.0 12.0 4 0  8.20e-04 earthnote 1619801000.52705 1                                                                                                                      
 BRA15 5   16085    dpb1    3.7460 0.0100  3.0 12.0 4 0  8.35e-04 earthnote 1619800987.01983 1                                                                                                                      
 BRA15 5   16086    dpb1    3.7791 0.0100  3.0 12.0 4 0  5.31e-03 earthnote 1619813584.14214 1                                                                                                                      
 BRA15 5   16087    dpb1    3.8486 0.0100  3.0 12.0 4 0  8.65e-04 earthnote 1619801020.69161 1                                                                                                                      
 BRA15 5   16088    dpb1    3.8853 0.0150  3.0 12.0 4 0  2.20e-03 earthnote 1619710161.16697 1                                                                                                                      
 BRA15 5   16089    dpb1    3.9131 0.0150  3.0 12.0 4 0  2.24e-03 earthnote 1619709600.81047 1                                                                                                                      
 BRA15 5   16090    dpb1    3.9619 0.0150  3.0 12.0 4 0  2.28e-03 earthnote 1619709599.84262 1                                                                                                                      
 BRA15 5   16091    dpb1    4.0040 0.0150  3.0 12.0 4 0  2.32e-03 earthnote 1619709599.10900 1                                                                                                                      
 BRA15 5   16092    dpb1    4.0423 0.0150  3.0 12.0 4 0  2.35e-03 earthnote 1619709597.85954 1                                                                                                                      
 BRA15 5   16093    dpb1    4.0832 0.0150  3.0 12.0 4 0  2.39e-03 earthnote 1619709596.03258 1                                                                                                                      
 BRA15 5   16094    dpb1    4.1257 0.0150  3.0 12.0 4 0  2.43e-03 earthnote 1619709594.57022 1                                                                                                                      
 BRA15 5   16095    dpb1    4.1685 0.0150  3.0 12.0 4 0  2.47e-03 earthnote 1619709591.58346 1                                                                                                                      
 BRA15 5   16096    dpb1    4.2127 0.0150  3.0 12.0 4 0  2.51e-03 earthnote 1619709592.95062 1                                                                                                                      
 BRA15 5   16097    dpb1    4.2521 0.0150  3.0 12.0 4 0  2.54e-03 earthnote 1619709588.79526 1                                                                                                                      
 BRA15 5   16098    dpb1    4.2948 0.0150  3.0 12.0 4 0  2.58e-03 earthnote 1619709587.70100 1                                                                                                                      
 BRA15 5   16099    dpb1    4.3271 0.0100  3.0 12.0 4 0  1.05e-03 earthnote 1619801024.23319 1                                                                                                                      
 BRA15 5   16100    dpb1    4.3608 0.0100  3.0 12.0 4 0  3.99e-03 earthnote 1619709238.95371 1                                                                                                                      
 BRA15 5   16101    dpb1    4.3922 0.0100  3.0 12.0 4 0  4.05e-03 earthnote 1619709240.05061 1                                                                                                                      
 BRA15 5   16102    dpb1    4.4318 0.0100  3.0 12.0 4 0  4.11e-03 earthnote 1619709241.07011 1                                                                                                                      
 BRA15 5   16103    dpb1    4.4723 0.0100  3.0 12.0 4 0  4.16e-03 earthnote 1619709241.98831 1                                                                                                                      
 BRA15 5   16104    dpb1    4.5049 0.0150  3.0 12.0 4 0  2.81e-03 earthnote 1619709583.49904 1                                                                                                                      
 BRA15 5   16105    dpb1    4.5422 0.0150  3.0 12.0 4 0  2.85e-03 earthnote 1619709584.63073 1                                                                                                                      
 BRA15 5   16106    dpb1    4.5862 0.0100  3.0 12.0 4 0  1.16e-03 earthnote 1619801028.31924 1                                                                                                                      
 BRA15 5   17087    dpb1    3.7811 0.0100  3.0 12.0 4 0  5.33e-03 earthnote 1619813582.12371 1                                                                                                                      
 BRA15 5   17100    dpb1    4.3288 0.0100  3.0 12.0 4 0  6.59e-03 earthnote 1619806910.40515 1                                                                                                                      
 BRA15 5   17101    dpb1    4.3589 0.0100  3.0 12.0 4 0  6.69e-03 earthnote 1619806911.56976 1                                                                                                                      
