    681         
    0    1512.0 
    1    1511.4 
    2    1511.2 
    3    1511.1 
    4    1511.0 
    5    1510.9 
    6    1510.9 
    7    1510.9 
    8    1510.8 
    9    1510.8 
   10    1510.8 
   11    1510.8 
   12    1510.8 
   13    1510.8 
   14    1510.7 
   15    1510.7 
   16    1510.7 
   17    1510.7 
   18    1510.7 
   19    1510.7 
   20    1510.7 
   21    1510.7 
   22    1510.7 
   23    1510.7 
   24    1510.6 
   25    1510.6 
   26    1510.6 
   27    1510.5 
   28    1510.5 
   29    1510.5 
   30    1510.4 
   31    1510.3 
   32    1510.2 
   33    1510.1 
   34    1510.0 
   35    1509.9 
   36    1509.8 
   37    1509.6 
   38    1509.5 
   39    1509.3 
   40    1509.1 
   41    1508.8 
   42    1508.6 
   43    1508.3 
   44    1508.0 
   45    1507.7 
   46    1507.4 
   47    1507.1 
   48    1506.8 
   49    1506.5 
   50    1506.1 
   51    1505.8 
   52    1505.5 
   53    1505.1 
   54    1504.8 
   55    1504.5 
   56    1504.1 
   57    1503.8 
   58    1503.5 
   59    1503.2 
   60    1502.9 
   61    1502.6 
   62    1502.3 
   63    1502.0 
   64    1501.7 
   65    1501.4 
   66    1501.2 
   67    1500.9 
   68    1500.6 
   69    1500.4 
   70    1500.1 
   71    1499.9 
   72    1499.7 
   73    1499.4 
   74    1499.2 
   75    1499.0 
   76    1498.8 
   77    1498.6 
   78    1498.4 
   79    1498.2 
   80    1498.0 
   81    1497.8 
   82    1497.6 
   83    1497.4 
   84    1497.2 
   85    1497.1 
   86    1496.9 
   87    1496.7 
   88    1496.6 
   89    1496.4 
   90    1496.2 
   91    1496.1 
   92    1495.9 
   93    1495.8 
   94    1495.6 
   95    1495.5 
   96    1495.4 
   97    1495.2 
   98    1495.1 
   99    1495.0 
  100    1494.8 
  105    1494.7 
  110    1494.6 
  115    1494.4 
  120    1494.3 
  125    1494.2 
  130    1494.1 
  135    1493.9 
  140    1493.8 
  145    1493.7 
  150    1493.6 
  155    1493.5 
  160    1493.4 
  165    1493.3 
  170    1493.1 
  175    1493.0 
  180    1492.9 
  185    1492.8 
  190    1492.7 
  195    1492.6 
  200    1492.5 
  205    1492.4 
  210    1492.3 
  215    1492.2 
  220    1492.1 
  225    1492.0 
  230    1491.9 
  235    1491.8 
  240    1491.7 
  245    1491.6 
  250    1491.5 
  255    1491.4 
  260    1491.3 
  265    1491.2 
  270    1491.2 
  275    1491.1 
  280    1491.0 
  285    1490.9 
  290    1490.8 
  295    1490.7 
  300    1490.6 
  305    1490.6 
  310    1490.5 
  315    1490.4 
  320    1490.3 
  325    1490.2 
  330    1490.1 
  335    1490.1 
  340    1490.0 
  345    1489.9 
  350    1489.8 
  355    1489.8 
  360    1489.7 
  365    1489.6 
  370    1489.5 
  375    1489.5 
  380    1489.4 
  385    1489.3 
  390    1489.2 
  395    1489.2 
  400    1489.1 
  405    1489.0 
  410    1489.0 
  415    1488.9 
  420    1488.8 
  425    1488.8 
  430    1488.7 
  435    1488.6 
  440    1488.6 
  445    1488.5 
  450    1488.5 
  455    1488.4 
  460    1488.3 
  465    1488.3 
  470    1488.2 
  475    1488.2 
  480    1488.1 
  485    1488.0 
  490    1488.0 
  495    1487.9 
  500    1487.9 
  505    1487.8 
  510    1487.8 
  515    1487.7 
  520    1487.7 
  525    1487.6 
  530    1487.6 
  535    1487.5 
  540    1487.5 
  545    1487.4 
  550    1487.4 
  555    1487.3 
  560    1487.3 
  565    1487.2 
  570    1487.2 
  575    1487.1 
  580    1487.1 
  585    1487.0 
  590    1487.0 
  595    1486.9 
  600    1486.9 
  605    1486.9 
  610    1486.8 
  615    1486.8 
  620    1486.7 
  625    1486.7 
  630    1486.7 
  635    1486.6 
  640    1486.6 
  645    1486.5 
  650    1486.5 
  655    1486.5 
  660    1486.4 
  665    1486.4 
  670    1486.3 
  675    1486.3 
  680    1486.3 
  685    1486.2 
  690    1486.2 
  695    1486.2 
  700    1486.1 
  705    1486.1 
  710    1486.1 
  715    1486.0 
  720    1486.0 
  725    1486.0 
  730    1486.0 
  735    1485.9 
  740    1485.9 
  745    1485.9 
  750    1485.8 
  755    1485.8 
  760    1485.8 
  765    1485.7 
  770    1485.7 
  775    1485.7 
  780    1485.7 
  785    1485.6 
  790    1485.6 
  795    1485.6 
  800    1485.6 
  805    1485.5 
  810    1485.5 
  815    1485.5 
  820    1485.5 
  825    1485.4 
  830    1485.4 
  835    1485.4 
  840    1485.4 
  845    1485.3 
  850    1485.3 
  855    1485.3 
  860    1485.3 
  865    1485.3 
  870    1485.2 
  875    1485.2 
  880    1485.2 
  885    1485.2 
  890    1485.2 
  895    1485.1 
  900    1485.1 
  905    1485.1 
  910    1485.1 
  915    1485.1 
  920    1485.1 
  925    1485.0 
  930    1485.0 
  935    1485.0 
  940    1485.0 
  945    1485.0 
  950    1484.9 
  955    1484.9 
  960    1484.9 
  965    1484.9 
  970    1484.9 
  975    1484.9 
  980    1484.9 
  985    1484.8 
  990    1484.8 
  995    1484.8 
 1000    1484.8 
 1005    1484.8 
 1010    1484.8 
 1015    1484.8 
 1020    1484.7 
 1025    1484.7 
 1030    1484.7 
 1035    1484.7 
 1040    1484.7 
 1045    1484.7 
 1050    1484.7 
 1055    1484.7 
 1060    1484.6 
 1065    1484.6 
 1070    1484.6 
 1075    1484.6 
 1080    1484.6 
 1085    1484.6 
 1090    1484.6 
 1095    1484.6 
 1100    1484.6 
 1105    1484.6 
 1110    1484.5 
 1115    1484.5 
 1120    1484.5 
 1125    1484.5 
 1130    1484.5 
 1135    1484.5 
 1140    1484.5 
 1145    1484.5 
 1150    1484.5 
 1155    1484.5 
 1160    1484.5 
 1165    1484.5 
 1170    1484.5 
 1175    1484.4 
 1180    1484.4 
 1185    1484.4 
 1190    1484.4 
 1195    1484.4 
 1200    1484.4 
 1205    1484.4 
 1210    1484.4 
 1215    1484.4 
 1220    1484.4 
 1225    1484.4 
 1230    1484.4 
 1235    1484.4 
 1240    1484.4 
 1245    1484.4 
 1250    1484.4 
 1255    1484.4 
 1260    1484.4 
 1265    1484.3 
 1270    1484.3 
 1275    1484.3 
 1280    1484.3 
 1285    1484.3 
 1290    1484.3 
 1295    1484.3 
 1300    1484.3 
 1305    1484.3 
 1310    1484.3 
 1315    1484.3 
 1320    1484.3 
 1325    1484.3 
 1330    1484.3 
 1335    1484.3 
 1340    1484.3 
 1345    1484.3 
 1350    1484.3 
 1355    1484.3 
 1360    1484.3 
 1365    1484.3 
 1370    1484.3 
 1375    1484.3 
 1380    1484.3 
 1385    1484.3 
 1390    1484.3 
 1395    1484.3 
 1400    1484.3 
 1405    1484.3 
 1410    1484.3 
 1415    1484.3 
 1420    1484.3 
 1425    1484.3 
 1430    1484.3 
 1435    1484.3 
 1440    1484.3 
 1445    1484.3 
 1450    1484.3 
 1455    1484.3 
 1460    1484.3 
 1465    1484.3 
 1470    1484.3 
 1475    1484.3 
 1480    1484.3 
 1485    1484.3 
 1490    1484.3 
 1495    1484.3 
 1500    1484.3 
 1505    1484.3 
 1510    1484.3 
 1515    1484.3 
 1520    1484.3 
 1525    1484.3 
 1530    1484.3 
 1535    1484.3 
 1540    1484.3 
 1545    1484.3 
 1550    1484.3 
 1555    1484.3 
 1560    1484.3 
 1565    1484.4 
 1570    1484.4 
 1575    1484.4 
 1580    1484.4 
 1585    1484.4 
 1590    1484.4 
 1595    1484.4 
 1600    1484.4 
 1605    1484.4 
 1610    1484.4 
 1615    1484.4 
 1620    1484.4 
 1625    1484.4 
 1630    1484.4 
 1635    1484.4 
 1640    1484.4 
 1645    1484.4 
 1650    1484.4 
 1655    1484.4 
 1660    1484.4 
 1665    1484.4 
 1670    1484.5 
 1675    1484.5 
 1680    1484.5 
 1685    1484.5 
 1690    1484.5 
 1695    1484.5 
 1700    1484.5 
 1705    1484.5 
 1710    1484.5 
 1715    1484.5 
 1720    1484.5 
 1725    1484.5 
 1730    1484.5 
 1735    1484.5 
 1740    1484.6 
 1745    1484.6 
 1750    1484.6 
 1755    1484.6 
 1760    1484.6 
 1765    1484.6 
 1770    1484.6 
 1775    1484.6 
 1780    1484.6 
 1785    1484.6 
 1790    1484.6 
 1795    1484.6 
 1800    1484.6 
 1805    1484.7 
 1810    1484.7 
 1815    1484.7 
 1820    1484.7 
 1825    1484.7 
 1830    1484.7 
 1835    1484.7 
 1840    1484.7 
 1845    1484.7 
 1850    1484.7 
 1855    1484.8 
 1860    1484.8 
 1865    1484.8 
 1870    1484.8 
 1875    1484.8 
 1880    1484.8 
 1885    1484.8 
 1890    1484.8 
 1895    1484.8 
 1900    1484.8 
 1905    1484.9 
 1910    1484.9 
 1915    1484.9 
 1920    1484.9 
 1925    1484.9 
 1930    1484.9 
 1935    1484.9 
 1940    1484.9 
 1945    1484.9 
 1950    1485.0 
 1955    1485.0 
 1960    1485.0 
 1965    1485.0 
 1970    1485.0 
 1975    1485.0 
 1980    1485.0 
 1985    1485.0 
 1990    1485.1 
 1995    1485.1 
 2000    1485.1 
 2005    1485.1 
 2010    1485.1 
 2015    1485.1 
 2020    1485.1 
 2025    1485.1 
 2030    1485.2 
 2035    1485.2 
 2040    1485.2 
 2045    1485.2 
 2050    1485.2 
 2055    1485.2 
 2060    1485.2 
 2065    1485.3 
 2070    1485.3 
 2075    1485.3 
 2080    1485.3 
 2085    1485.3 
 2090    1485.3 
 2095    1485.3 
 2100    1485.4 
 2105    1485.4 
 2110    1485.4 
 2115    1485.4 
 2120    1485.4 
 2125    1485.4 
 2130    1485.4 
 2135    1485.5 
 2140    1485.5 
 2145    1485.5 
 2150    1485.5 
 2155    1485.5 
 2160    1485.5 
 2165    1485.5 
 2170    1485.6 
 2175    1485.6 
 2180    1485.6 
 2185    1485.6 
 2190    1485.6 
 2195    1485.6 
 2200    1485.7 
 2205    1485.7 
 2210    1485.7 
 2215    1485.7 
 2220    1485.7 
 2225    1485.7 
 2230    1485.8 
 2235    1485.8 
 2240    1485.8 
 2245    1485.8 
 2250    1485.8 
 2255    1485.8 
 2260    1485.9 
 2265    1485.9 
 2270    1485.9 
 2275    1485.9 
 2280    1485.9 
 2285    1486.0 
 2290    1486.0 
 2295    1486.0 
 2300    1486.0 
 2305    1486.0 
 2310    1486.0 
 2315    1486.1 
 2320    1486.1 
 2325    1486.1 
 2330    1486.1 
 2335    1486.1 
 2340    1486.2 
 2345    1486.2 
 2350    1486.2 
 2355    1486.2 
 2360    1486.2 
 2365    1486.2 
 2370    1486.3 
 2375    1486.3 
 2380    1486.3 
 2385    1486.3 
 2390    1486.3 
 2395    1486.4 
 2400    1486.4 
 2405    1486.4 
 2410    1486.4 
 2415    1486.4 
 2420    1486.5 
 2425    1486.5 
 2430    1486.5 
 2435    1486.5 
 2440    1486.5 
 2445    1486.6 
 2450    1486.6 
 2455    1486.6 
 2460    1486.6 
 2465    1486.6 
 2470    1486.7 
 2475    1486.7 
 2480    1486.7 
 2485    1486.7 
 2490    1486.8 
 2495    1486.8 
 2500    1486.8 
 2505    1486.8 
 2510    1486.8 
 2515    1486.9 
 2520    1486.9 
 2525    1486.9 
 2530    1486.9 
 2535    1486.9 
 2540    1487.0 
 2545    1487.0 
 2550    1487.0 
 2555    1487.0 
 2560    1487.1 
 2565    1487.1 
 2570    1487.1 
 2575    1487.1 
 2580    1487.2 
 2585    1487.2 
 2590    1487.2 
 2595    1487.2 
 2600    1487.2 
 2605    1487.3 
 2610    1487.3 
 2615    1487.3 
 2620    1487.3 
 2625    1487.4 
 2630    1487.4 
 2635    1487.4 
 2640    1487.4 
 2645    1487.5 
 2650    1487.5 
 2655    1487.5 
 2660    1487.5 
 2665    1487.6 
 2670    1487.6 
 2675    1487.6 
 2680    1487.6 
 2685    1487.6 
 2690    1487.7 
 2695    1487.7 
 2700    1487.7 
 2705    1487.7 
 2710    1487.8 
 2715    1487.8 
 2720    1487.8 
 2725    1487.8 
 2730    1487.9 
 2735    1487.9 
 2740    1487.9 
 2745    1487.9 
 2750    1488.0 
 2755    1488.0 
 2760    1488.0 
 2765    1488.0 
 2770    1488.1 
 2775    1488.1 
 2780    1488.1 
 2785    1488.2 
 2790    1488.2 
 2795    1488.2 
 2800    1488.2 
 2805    1488.3 
 2810    1488.3 
 2815    1488.3 
 2820    1488.3 
 2825    1488.4 
 2830    1488.4 
 2835    1488.4 
 2840    1488.4 
 2845    1488.5 
 2850    1488.5 
 2855    1488.5 
 2860    1488.6 
 2865    1488.6 
 2870    1488.6 
 2875    1488.6 
 2880    1488.7 
 2885    1488.7 
 2890    1488.7 
 2895    1488.7 
 2900    1488.8 
 2905    1488.8 
 2910    1488.8 
 2915    1488.9 
 2920    1488.9 
 2925    1488.9 
 2930    1488.9 
 2935    1489.0 
 2940    1489.0 
 2945    1489.0 
 2950    1489.1 
 2955    1489.1 
 2960    1489.1 
 2965    1489.1 
 2970    1489.2 
 2975    1489.2 
 2980    1489.2 
 2985    1489.3 
 2990    1489.3 
 2995    1489.3 
 3000    1489.3 }