   9.0000000e+00   1.5106452e+03
   1.0000000e+01   1.5106403e+03
   1.1000000e+01   1.5106346e+03
   1.2000000e+01   1.5106280e+03
   1.3000000e+01   1.5106212e+03
   1.4000000e+01   1.5106157e+03
   1.5000000e+01   1.5106117e+03
   1.6000000e+01   1.5106083e+03
   1.7000000e+01   1.5106053e+03
   1.8000000e+01   1.5106016e+03
   1.9000000e+01   1.5105965e+03
   2.0000000e+01   1.5105899e+03
   2.1000000e+01   1.5105817e+03
   2.2000000e+01   1.5105703e+03
   2.3000000e+01   1.5105532e+03
   2.4000000e+01   1.5105301e+03
   2.5000000e+01   1.5104991e+03
   2.6000000e+01   1.5104584e+03
   2.7000000e+01   1.5104087e+03
   2.8000000e+01   1.5103524e+03
   2.9000000e+01   1.5102871e+03
   3.0000000e+01   1.5102116e+03
   3.1000000e+01   1.5101227e+03
   3.2000000e+01   1.5100203e+03
   3.3000000e+01   1.5099012e+03
   3.4000000e+01   1.5097692e+03
   3.5000000e+01   1.5096212e+03
   3.6000000e+01   1.5094523e+03
   3.7000000e+01   1.5092660e+03
   3.8000000e+01   1.5090609e+03
   3.9000000e+01   1.5088290e+03
   4.0000000e+01   1.5085658e+03
   4.1000000e+01   1.5082812e+03
   4.2000000e+01   1.5079767e+03
   4.3000000e+01   1.5076529e+03
   4.4000000e+01   1.5073170e+03
   4.5000000e+01   1.5069699e+03
   4.6000000e+01   1.5066105e+03
   4.7000000e+01   1.5062420e+03
   4.8000000e+01   1.5058694e+03
   4.9000000e+01   1.5054947e+03
   5.0000000e+01   1.5051167e+03
   5.1000000e+01   1.5047369e+03
   5.2000000e+01   1.5043579e+03
   5.3000000e+01   1.5039813e+03
   5.4000000e+01   1.5036090e+03
   5.5000000e+01   1.5032431e+03
   5.6000000e+01   1.5028836e+03
   5.7000000e+01   1.5025294e+03
   5.8000000e+01   1.5021814e+03
   5.9000000e+01   1.5018410e+03
   6.0000000e+01   1.5015086e+03
   6.1000000e+01   1.5011841e+03
   6.2000000e+01   1.5008673e+03
   6.3000000e+01   1.5005572e+03
   6.4000000e+01   1.5002536e+03
   6.5000000e+01   1.4999571e+03
   6.6000000e+01   1.4996680e+03
   6.7000000e+01   1.4993861e+03
   6.8000000e+01   1.4991113e+03
   6.9000000e+01   1.4988429e+03
   7.0000000e+01   1.4985809e+03
   7.1000000e+01   1.4983254e+03
   7.2000000e+01   1.4980760e+03
   7.3000000e+01   1.4978319e+03
   7.4000000e+01   1.4975929e+03
   7.5000000e+01   1.4973592e+03
   7.6000000e+01   1.4971310e+03
   7.7000000e+01   1.4969080e+03
   7.8000000e+01   1.4966899e+03
   7.9000000e+01   1.4964761e+03
   8.0000000e+01   1.4962666e+03
   8.1000000e+01   1.4960616e+03
   8.2000000e+01   1.4958608e+03
   8.3000000e+01   1.4956643e+03
   8.4000000e+01   1.4954723e+03
   8.5000000e+01   1.4952846e+03
   8.6000000e+01   1.4951010e+03
   8.7000000e+01   1.4949214e+03
   8.8000000e+01   1.4947458e+03
   8.9000000e+01   1.4945739e+03
   9.0000000e+01   1.4944057e+03
   9.1000000e+01   1.4942412e+03
   9.2000000e+01   1.4940803e+03
   9.3000000e+01   1.4939229e+03
   9.4000000e+01   1.4937690e+03
   9.5000000e+01   1.4936185e+03
   9.6000000e+01   1.4934712e+03
   9.7000000e+01   1.4933272e+03
   9.8000000e+01   1.4931862e+03
   9.9000000e+01   1.4930483e+03
   1.0000000e+02   1.4929134e+03
   1.0100000e+02   1.4927814e+03
   1.0200000e+02   1.4926523e+03
   1.0300000e+02   1.4925259e+03
   1.0400000e+02   1.4924022e+03
   1.0500000e+02   1.4922811e+03
   1.0600000e+02   1.4921626e+03
   1.0700000e+02   1.4920466e+03
   1.0800000e+02   1.4919330e+03
   1.0900000e+02   1.4918219e+03
   1.1000000e+02   1.4917130e+03
   1.1100000e+02   1.4916065e+03
   1.1200000e+02   1.4915023e+03
   1.1300000e+02   1.4914002e+03
   1.1400000e+02   1.4913003e+03
   1.1500000e+02   1.4912024e+03
   1.1600000e+02   1.4911066e+03
   1.1700000e+02   1.4910128e+03
   1.1800000e+02   1.4909210e+03
   1.1900000e+02   1.4908310e+03
   1.2000000e+02   1.4907430e+03
   1.2100000e+02   1.4906567e+03
   1.2200000e+02   1.4905721e+03
   1.2300000e+02   1.4904893e+03
   1.2400000e+02   1.4904080e+03
   1.2500000e+02   1.4903284e+03
   1.2600000e+02   1.4902502e+03
   1.2700000e+02   1.4901733e+03
   1.2800000e+02   1.4900978e+03
   1.2900000e+02   1.4900235e+03
   1.3000000e+02   1.4899505e+03
   1.3100000e+02   1.4898788e+03
   1.3200000e+02   1.4898083e+03
   1.3300000e+02   1.4897389e+03
   1.3400000e+02   1.4896708e+03
   1.3500000e+02   1.4896037e+03
   1.3600000e+02   1.4895380e+03
   1.3700000e+02   1.4894735e+03
   1.3800000e+02   1.4894103e+03
   1.3900000e+02   1.4893483e+03
   1.4000000e+02   1.4892874e+03
   1.4100000e+02   1.4892276e+03
   1.4200000e+02   1.4891689e+03
   1.4300000e+02   1.4891112e+03
   1.4400000e+02   1.4890545e+03
   1.4500000e+02   1.4889987e+03
   1.4600000e+02   1.4889438e+03
   1.4700000e+02   1.4888897e+03
   1.4800000e+02   1.4888364e+03
   1.4900000e+02   1.4887839e+03
   1.5000000e+02   1.4887321e+03
   1.5100000e+02   1.4886811e+03
   1.5200000e+02   1.4886309e+03
   1.5300000e+02   1.4885813e+03
   1.5400000e+02   1.4885324e+03
   1.5500000e+02   1.4884842e+03
   1.5600000e+02   1.4884366e+03
   1.5700000e+02   1.4883897e+03
   1.5800000e+02   1.4883435e+03
   1.5900000e+02   1.4882978e+03
   1.6000000e+02   1.4882528e+03
   1.6100000e+02   1.4882083e+03
   1.6200000e+02   1.4881642e+03
   1.6300000e+02   1.4881206e+03
   1.6400000e+02   1.4880775e+03
   1.6500000e+02   1.4880348e+03
   1.6600000e+02   1.4879926e+03
   1.6700000e+02   1.4879508e+03
   1.6800000e+02   1.4879094e+03
   1.6900000e+02   1.4878684e+03
   1.7000000e+02   1.4878279e+03
   1.7100000e+02   1.4877877e+03
   1.7200000e+02   1.4877479e+03
   1.7300000e+02   1.4877085e+03
   1.7400000e+02   1.4876694e+03
   1.7500000e+02   1.4876307e+03
   1.7600000e+02   1.4875923e+03
   1.7700000e+02   1.4875544e+03
   1.7800000e+02   1.4875168e+03
   1.7900000e+02   1.4874796e+03
   1.8000000e+02   1.4874427e+03
   1.8100000e+02   1.4874060e+03
   1.8200000e+02   1.4873697e+03
   1.8300000e+02   1.4873335e+03
   1.8400000e+02   1.4872976e+03
   1.8500000e+02   1.4872619e+03
   1.8600000e+02   1.4872265e+03
   1.8700000e+02   1.4871913e+03
   1.8800000e+02   1.4871565e+03
   1.8900000e+02   1.4871219e+03
   1.9000000e+02   1.4870875e+03
   1.9100000e+02   1.4870534e+03
   1.9200000e+02   1.4870196e+03
   1.9300000e+02   1.4869859e+03
   1.9400000e+02   1.4869525e+03
   1.9500000e+02   1.4869193e+03
   1.9600000e+02   1.4868864e+03
   1.9700000e+02   1.4868538e+03
   1.9800000e+02   1.4868215e+03
   1.9900000e+02   1.4867894e+03
   2.0000000e+02   1.4867576e+03
   2.0100000e+02   1.4867259e+03
   2.0200000e+02   1.4866945e+03
   2.0300000e+02   1.4866633e+03
   2.0400000e+02   1.4866323e+03
   2.0500000e+02   1.4866014e+03
   2.0600000e+02   1.4865708e+03
   2.0700000e+02   1.4865403e+03
   2.0800000e+02   1.4865100e+03
   2.0900000e+02   1.4864799e+03
   2.1000000e+02   1.4864499e+03
   2.1100000e+02   1.4864201e+03
   2.1200000e+02   1.4863905e+03
   2.1300000e+02   1.4863610e+03
   2.1400000e+02   1.4863317e+03
   2.1500000e+02   1.4863026e+03
   2.1600000e+02   1.4862736e+03
   2.1700000e+02   1.4862449e+03
   2.1800000e+02   1.4862163e+03
   2.1900000e+02   1.4861880e+03
   2.2000000e+02   1.4861598e+03
   2.2100000e+02   1.4861318e+03
   2.2200000e+02   1.4861039e+03
   2.2300000e+02   1.4860762e+03
   2.2400000e+02   1.4860487e+03
   2.2500000e+02   1.4860213e+03
   2.2600000e+02   1.4859941e+03
   2.2700000e+02   1.4859670e+03
   2.2800000e+02   1.4859401e+03
   2.2900000e+02   1.4859134e+03
   2.3000000e+02   1.4858868e+03
   2.3100000e+02   1.4858603e+03
   2.3200000e+02   1.4858340e+03
   2.3300000e+02   1.4858078e+03
   2.3400000e+02   1.4857818e+03
   2.3500000e+02   1.4857559e+03
   2.3600000e+02   1.4857300e+03
   2.3700000e+02   1.4857043e+03
   2.3800000e+02   1.4856786e+03
   2.3900000e+02   1.4856530e+03
   2.4000000e+02   1.4856275e+03
   2.4100000e+02   1.4856022e+03
   2.4200000e+02   1.4855769e+03
   2.4300000e+02   1.4855517e+03
   2.4400000e+02   1.4855267e+03
   2.4500000e+02   1.4855018e+03
   2.4600000e+02   1.4854770e+03
   2.4700000e+02   1.4854524e+03
   2.4800000e+02   1.4854280e+03
   2.4900000e+02   1.4854037e+03
   2.5000000e+02   1.4853796e+03
   2.5100000e+02   1.4853557e+03
   2.5200000e+02   1.4853319e+03
   2.5300000e+02   1.4853082e+03
   2.5400000e+02   1.4852847e+03
   2.5500000e+02   1.4852613e+03
   2.5600000e+02   1.4852380e+03
   2.5700000e+02   1.4852149e+03
   2.5800000e+02   1.4851919e+03
   2.5900000e+02   1.4851690e+03
   2.6000000e+02   1.4851463e+03
   2.6100000e+02   1.4851236e+03
   2.6200000e+02   1.4851011e+03
   2.6300000e+02   1.4850787e+03
   2.6400000e+02   1.4850563e+03
   2.6500000e+02   1.4850341e+03
   2.6600000e+02   1.4850120e+03
   2.6700000e+02   1.4849899e+03
   2.6800000e+02   1.4849679e+03
   2.6900000e+02   1.4849461e+03
   2.7000000e+02   1.4849242e+03
   2.7100000e+02   1.4849025e+03
   2.7200000e+02   1.4848809e+03
   2.7300000e+02   1.4848594e+03
   2.7400000e+02   1.4848379e+03
   2.7500000e+02   1.4848166e+03
   2.7600000e+02   1.4847953e+03
   2.7700000e+02   1.4847742e+03
   2.7800000e+02   1.4847532e+03
   2.7900000e+02   1.4847322e+03
   2.8000000e+02   1.4847114e+03
   2.8100000e+02   1.4846907e+03
   2.8200000e+02   1.4846700e+03
   2.8300000e+02   1.4846495e+03
   2.8400000e+02   1.4846291e+03
   2.8500000e+02   1.4846087e+03
   2.8600000e+02   1.4845885e+03
   2.8700000e+02   1.4845683e+03
   2.8800000e+02   1.4845482e+03
   2.8900000e+02   1.4845282e+03
   2.9000000e+02   1.4845083e+03
   2.9100000e+02   1.4844885e+03
   2.9200000e+02   1.4844687e+03
   2.9300000e+02   1.4844491e+03
   2.9400000e+02   1.4844296e+03
   2.9500000e+02   1.4844102e+03
   2.9600000e+02   1.4843908e+03
   2.9700000e+02   1.4843716e+03
   2.9800000e+02   1.4843524e+03
   2.9900000e+02   1.4843333e+03
   3.0000000e+02   1.4843143e+03
   3.0100000e+02   1.4842954e+03
   3.0200000e+02   1.4842765e+03
   3.0300000e+02   1.4842578e+03
   3.0400000e+02   1.4842391e+03
   3.0500000e+02   1.4842204e+03
   3.0600000e+02   1.4842019e+03
   3.0700000e+02   1.4841834e+03
   3.0800000e+02   1.4841650e+03
   3.0900000e+02   1.4841467e+03
   3.1000000e+02   1.4841284e+03
   3.1100000e+02   1.4841102e+03
   3.1200000e+02   1.4840921e+03
   3.1300000e+02   1.4840741e+03
   3.1400000e+02   1.4840562e+03
   3.1500000e+02   1.4840384e+03
   3.1600000e+02   1.4840207e+03
   3.1700000e+02   1.4840030e+03
   3.1800000e+02   1.4839854e+03
   3.1900000e+02   1.4839679e+03
   3.2000000e+02   1.4839505e+03
   3.2100000e+02   1.4839331e+03
   3.2200000e+02   1.4839158e+03
   3.2300000e+02   1.4838986e+03
   3.2400000e+02   1.4838814e+03
   3.2500000e+02   1.4838643e+03
   3.2600000e+02   1.4838473e+03
   3.2700000e+02   1.4838303e+03
   3.2800000e+02   1.4838134e+03
   3.2900000e+02   1.4837966e+03
   3.3000000e+02   1.4837798e+03
   3.3100000e+02   1.4837631e+03
   3.3200000e+02   1.4837466e+03
   3.3300000e+02   1.4837301e+03
   3.3400000e+02   1.4837137e+03
   3.3500000e+02   1.4836975e+03
   3.3600000e+02   1.4836813e+03
   3.3700000e+02   1.4836652e+03
   3.3800000e+02   1.4836492e+03
   3.3900000e+02   1.4836333e+03
   3.4000000e+02   1.4836175e+03
   3.4100000e+02   1.4836017e+03
   3.4200000e+02   1.4835861e+03
   3.4300000e+02   1.4835705e+03
   3.4400000e+02   1.4835550e+03
   3.4500000e+02   1.4835395e+03
   3.4600000e+02   1.4835242e+03
   3.4700000e+02   1.4835089e+03
   3.4800000e+02   1.4834937e+03
   3.4900000e+02   1.4834786e+03
   3.5000000e+02   1.4834636e+03
   3.5100000e+02   1.4834486e+03
   3.5200000e+02   1.4834337e+03
   3.5300000e+02   1.4834189e+03
   3.5400000e+02   1.4834042e+03
   3.5500000e+02   1.4833896e+03
   3.5600000e+02   1.4833750e+03
   3.5700000e+02   1.4833605e+03
   3.5800000e+02   1.4833461e+03
   3.5900000e+02   1.4833318e+03
   3.6000000e+02   1.4833176e+03
   3.6100000e+02   1.4833035e+03
   3.6200000e+02   1.4832894e+03
   3.6300000e+02   1.4832755e+03
   3.6400000e+02   1.4832616e+03
   3.6500000e+02   1.4832478e+03
   3.6600000e+02   1.4832341e+03
   3.6700000e+02   1.4832204e+03
   3.6800000e+02   1.4832067e+03
   3.6900000e+02   1.4831931e+03
   3.7000000e+02   1.4831796e+03
   3.7100000e+02   1.4831661e+03
   3.7200000e+02   1.4831526e+03
   3.7300000e+02   1.4831392e+03
   3.7400000e+02   1.4831259e+03
   3.7500000e+02   1.4831127e+03
   3.7600000e+02   1.4830995e+03
   3.7700000e+02   1.4830864e+03
   3.7800000e+02   1.4830733e+03
   3.7900000e+02   1.4830604e+03
   3.8000000e+02   1.4830474e+03
   3.8100000e+02   1.4830346e+03
   3.8200000e+02   1.4830218e+03
   3.8300000e+02   1.4830090e+03
   3.8400000e+02   1.4829963e+03
   3.8500000e+02   1.4829836e+03
   3.8600000e+02   1.4829710e+03
   3.8700000e+02   1.4829585e+03
   3.8800000e+02   1.4829461e+03
   3.8900000e+02   1.4829337e+03
   3.9000000e+02   1.4829214e+03
   3.9100000e+02   1.4829091e+03
   3.9200000e+02   1.4828969e+03
   3.9300000e+02   1.4828848e+03
   3.9400000e+02   1.4828727e+03
   3.9500000e+02   1.4828607e+03
   3.9600000e+02   1.4828488e+03
   3.9700000e+02   1.4828368e+03
   3.9800000e+02   1.4828249e+03
   3.9900000e+02   1.4828130e+03
   4.0000000e+02   1.4828011e+03
   4.0100000e+02   1.4827893e+03
   4.0200000e+02   1.4827775e+03
   4.0300000e+02   1.4827657e+03
   4.0400000e+02   1.4827539e+03
   4.0500000e+02   1.4827422e+03
   4.0600000e+02   1.4827305e+03
   4.0700000e+02   1.4827189e+03
   4.0800000e+02   1.4827072e+03
   4.0900000e+02   1.4826957e+03
   4.1000000e+02   1.4826841e+03
   4.1100000e+02   1.4826726e+03
   4.1200000e+02   1.4826611e+03
   4.1300000e+02   1.4826497e+03
   4.1400000e+02   1.4826383e+03
   4.1500000e+02   1.4826270e+03
   4.1600000e+02   1.4826157e+03
   4.1700000e+02   1.4826045e+03
   4.1800000e+02   1.4825934e+03
   4.1900000e+02   1.4825823e+03
   4.2000000e+02   1.4825712e+03
   4.2100000e+02   1.4825602e+03
   4.2200000e+02   1.4825492e+03
   4.2300000e+02   1.4825383e+03
   4.2400000e+02   1.4825274e+03
   4.2500000e+02   1.4825165e+03
   4.2600000e+02   1.4825057e+03
   4.2700000e+02   1.4824950e+03
   4.2800000e+02   1.4824843e+03
   4.2900000e+02   1.4824736e+03
   4.3000000e+02   1.4824630e+03
   4.3100000e+02   1.4824524e+03
   4.3200000e+02   1.4824419e+03
   4.3300000e+02   1.4824314e+03
   4.3400000e+02   1.4824209e+03
   4.3500000e+02   1.4824104e+03
   4.3600000e+02   1.4824000e+03
   4.3700000e+02   1.4823897e+03
   4.3800000e+02   1.4823794e+03
   4.3900000e+02   1.4823691e+03
   4.4000000e+02   1.4823589e+03
   4.4100000e+02   1.4823488e+03
   4.4200000e+02   1.4823387e+03
   4.4300000e+02   1.4823286e+03
   4.4400000e+02   1.4823186e+03
   4.4500000e+02   1.4823086e+03
   4.4600000e+02   1.4822987e+03
   4.4700000e+02   1.4822888e+03
   4.4800000e+02   1.4822790e+03
   4.4900000e+02   1.4822693e+03
   4.5000000e+02   1.4822596e+03
   4.5100000e+02   1.4822500e+03
   4.5200000e+02   1.4822404e+03
   4.5300000e+02   1.4822308e+03
   4.5400000e+02   1.4822212e+03
   4.5500000e+02   1.4822117e+03
   4.5600000e+02   1.4822023e+03
   4.5700000e+02   1.4821928e+03
   4.5800000e+02   1.4821835e+03
   4.5900000e+02   1.4821742e+03
   4.6000000e+02   1.4821649e+03
   4.6100000e+02   1.4821557e+03
   4.6200000e+02   1.4821466e+03
   4.6300000e+02   1.4821375e+03
   4.6400000e+02   1.4821285e+03
   4.6500000e+02   1.4821195e+03
   4.6600000e+02   1.4821105e+03
   4.6700000e+02   1.4821016e+03
   4.6800000e+02   1.4820927e+03
   4.6900000e+02   1.4820839e+03
   4.7000000e+02   1.4820751e+03
   4.7100000e+02   1.4820663e+03
   4.7200000e+02   1.4820576e+03
   4.7300000e+02   1.4820489e+03
   4.7400000e+02   1.4820402e+03
   4.7500000e+02   1.4820316e+03
   4.7600000e+02   1.4820230e+03
   4.7700000e+02   1.4820145e+03
   4.7800000e+02   1.4820060e+03
   4.7900000e+02   1.4819975e+03
   4.8000000e+02   1.4819891e+03
   4.8100000e+02   1.4819807e+03
   4.8200000e+02   1.4819723e+03
   4.8300000e+02   1.4819641e+03
   4.8400000e+02   1.4819558e+03
   4.8500000e+02   1.4819476e+03
   4.8600000e+02   1.4819395e+03
   4.8700000e+02   1.4819314e+03
   4.8800000e+02   1.4819233e+03
   4.8900000e+02   1.4819152e+03
   4.9000000e+02   1.4819072e+03
   4.9100000e+02   1.4818992e+03
   4.9200000e+02   1.4818912e+03
   4.9300000e+02   1.4818833e+03
   4.9400000e+02   1.4818754e+03
   4.9500000e+02   1.4818675e+03
   4.9600000e+02   1.4818597e+03
   4.9700000e+02   1.4818519e+03
   4.9800000e+02   1.4818441e+03
   4.9900000e+02   1.4818364e+03
   5.0000000e+02   1.4818287e+03
   5.0100000e+02   1.4818210e+03
   5.0200000e+02   1.4818134e+03
   5.0300000e+02   1.4818058e+03
   5.0400000e+02   1.4817982e+03
   5.0500000e+02   1.4817907e+03
   5.0600000e+02   1.4817832e+03
   5.0700000e+02   1.4817758e+03
   5.0800000e+02   1.4817684e+03
   5.0900000e+02   1.4817610e+03
   5.1000000e+02   1.4817536e+03
   5.1100000e+02   1.4817463e+03
   5.1200000e+02   1.4817389e+03
   5.1300000e+02   1.4817316e+03
   5.1400000e+02   1.4817244e+03
   5.1500000e+02   1.4817171e+03
   5.1600000e+02   1.4817099e+03
   5.1700000e+02   1.4817027e+03
   5.1800000e+02   1.4816955e+03
   5.1900000e+02   1.4816883e+03
   5.2000000e+02   1.4816812e+03
   5.2100000e+02   1.4816741e+03
   5.2200000e+02   1.4816669e+03
   5.2300000e+02   1.4816599e+03
   5.2400000e+02   1.4816528e+03
   5.2500000e+02   1.4816457e+03
   5.2600000e+02   1.4816387e+03
   5.2700000e+02   1.4816317e+03
   5.2800000e+02   1.4816247e+03
   5.2900000e+02   1.4816178e+03
   5.3000000e+02   1.4816109e+03
   5.3100000e+02   1.4816040e+03
   5.3200000e+02   1.4815971e+03
   5.3300000e+02   1.4815903e+03
   5.3400000e+02   1.4815834e+03
   5.3500000e+02   1.4815767e+03
   5.3600000e+02   1.4815699e+03
   5.3700000e+02   1.4815633e+03
   5.3800000e+02   1.4815566e+03
   5.3900000e+02   1.4815500e+03
   5.4000000e+02   1.4815435e+03
   5.4100000e+02   1.4815370e+03
   5.4200000e+02   1.4815305e+03
   5.4300000e+02   1.4815240e+03
   5.4400000e+02   1.4815176e+03
   5.4500000e+02   1.4815112e+03
   5.4600000e+02   1.4815049e+03
   5.4700000e+02   1.4814986e+03
   5.4800000e+02   1.4814923e+03
   5.4900000e+02   1.4814860e+03
   5.5000000e+02   1.4814798e+03
   5.5100000e+02   1.4814736e+03
   5.5200000e+02   1.4814674e+03
   5.5300000e+02   1.4814613e+03
   5.5400000e+02   1.4814552e+03
   5.5500000e+02   1.4814491e+03
   5.5600000e+02   1.4814431e+03
   5.5700000e+02   1.4814370e+03
   5.5800000e+02   1.4814311e+03
   5.5900000e+02   1.4814251e+03
   5.6000000e+02   1.4814192e+03
   5.6100000e+02   1.4814133e+03
   5.6200000e+02   1.4814074e+03
   5.6300000e+02   1.4814016e+03
   5.6400000e+02   1.4813958e+03
   5.6500000e+02   1.4813900e+03
   5.6600000e+02   1.4813843e+03
   5.6700000e+02   1.4813785e+03
   5.6800000e+02   1.4813728e+03
   5.6900000e+02   1.4813672e+03
   5.7000000e+02   1.4813615e+03
   5.7100000e+02   1.4813559e+03
   5.7200000e+02   1.4813503e+03
   5.7300000e+02   1.4813447e+03
   5.7400000e+02   1.4813391e+03
   5.7500000e+02   1.4813336e+03
   5.7600000e+02   1.4813280e+03
   5.7700000e+02   1.4813225e+03
   5.7800000e+02   1.4813171e+03
   5.7900000e+02   1.4813116e+03
   5.8000000e+02   1.4813062e+03
   5.8100000e+02   1.4813009e+03
   5.8200000e+02   1.4812955e+03
   5.8300000e+02   1.4812902e+03
   5.8400000e+02   1.4812849e+03
   5.8500000e+02   1.4812796e+03
   5.8600000e+02   1.4812743e+03
   5.8700000e+02   1.4812691e+03
   5.8800000e+02   1.4812639e+03
   5.8900000e+02   1.4812587e+03
   5.9000000e+02   1.4812536e+03
   5.9100000e+02   1.4812485e+03
   5.9200000e+02   1.4812434e+03
   5.9300000e+02   1.4812383e+03
   5.9400000e+02   1.4812332e+03
   5.9500000e+02   1.4812282e+03
   5.9600000e+02   1.4812232e+03
   5.9700000e+02   1.4812182e+03
   5.9800000e+02   1.4812132e+03
   5.9900000e+02   1.4812083e+03
   6.0000000e+02   1.4812034e+03
   6.0100000e+02   1.4811985e+03
   6.0200000e+02   1.4811936e+03
   6.0300000e+02   1.4811888e+03
   6.0400000e+02   1.4811840e+03
   6.0500000e+02   1.4811792e+03
   6.0600000e+02   1.4811744e+03
   6.0700000e+02   1.4811696e+03
   6.0800000e+02   1.4811649e+03
   6.0900000e+02   1.4811602e+03
   6.1000000e+02   1.4811556e+03
   6.1100000e+02   1.4811509e+03
   6.1200000e+02   1.4811463e+03
   6.1300000e+02   1.4811418e+03
   6.1400000e+02   1.4811372e+03
   6.1500000e+02   1.4811326e+03
   6.1600000e+02   1.4811281e+03
   6.1700000e+02   1.4811236e+03
   6.1800000e+02   1.4811192e+03
   6.1900000e+02   1.4811148e+03
   6.2000000e+02   1.4811104e+03
   6.2100000e+02   1.4811060e+03
   6.2200000e+02   1.4811017e+03
   6.2300000e+02   1.4810974e+03
   6.2400000e+02   1.4810931e+03
   6.2500000e+02   1.4810889e+03
   6.2600000e+02   1.4810847e+03
   6.2700000e+02   1.4810805e+03
   6.2800000e+02   1.4810763e+03
   6.2900000e+02   1.4810722e+03
   6.3000000e+02   1.4810681e+03
   6.3100000e+02   1.4810639e+03
   6.3200000e+02   1.4810599e+03
   6.3300000e+02   1.4810558e+03
   6.3400000e+02   1.4810517e+03
   6.3500000e+02   1.4810477e+03
   6.3600000e+02   1.4810437e+03
   6.3700000e+02   1.4810397e+03
   6.3800000e+02   1.4810357e+03
   6.3900000e+02   1.4810317e+03
   6.4000000e+02   1.4810278e+03
   6.4100000e+02   1.4810238e+03
   6.4200000e+02   1.4810199e+03
   6.4300000e+02   1.4810160e+03
   6.4400000e+02   1.4810121e+03
   6.4500000e+02   1.4810083e+03
   6.4600000e+02   1.4810044e+03
   6.4700000e+02   1.4810005e+03
   6.4800000e+02   1.4809966e+03
   6.4900000e+02   1.4809927e+03
   6.5000000e+02   1.4809888e+03
   6.5100000e+02   1.4809850e+03
   6.5200000e+02   1.4809811e+03
   6.5300000e+02   1.4809773e+03
   6.5400000e+02   1.4809735e+03
   6.5500000e+02   1.4809698e+03
   6.5600000e+02   1.4809661e+03
   6.5700000e+02   1.4809624e+03
   6.5800000e+02   1.4809587e+03
   6.5900000e+02   1.4809551e+03
   6.6000000e+02   1.4809515e+03
   6.6100000e+02   1.4809479e+03
   6.6200000e+02   1.4809443e+03
   6.6300000e+02   1.4809408e+03
   6.6400000e+02   1.4809373e+03
   6.6500000e+02   1.4809338e+03
   6.6600000e+02   1.4809303e+03
   6.6700000e+02   1.4809268e+03
   6.6800000e+02   1.4809233e+03
   6.6900000e+02   1.4809199e+03
   6.7000000e+02   1.4809165e+03
   6.7100000e+02   1.4809131e+03
   6.7200000e+02   1.4809097e+03
   6.7300000e+02   1.4809063e+03
   6.7400000e+02   1.4809029e+03
   6.7500000e+02   1.4808996e+03
   6.7600000e+02   1.4808962e+03
   6.7700000e+02   1.4808929e+03
   6.7800000e+02   1.4808896e+03
   6.7900000e+02   1.4808863e+03
   6.8000000e+02   1.4808831e+03
   6.8100000e+02   1.4808798e+03
   6.8200000e+02   1.4808766e+03
   6.8300000e+02   1.4808734e+03
   6.8400000e+02   1.4808703e+03
   6.8500000e+02   1.4808671e+03
   6.8600000e+02   1.4808640e+03
   6.8700000e+02   1.4808609e+03
   6.8800000e+02   1.4808578e+03
   6.8900000e+02   1.4808547e+03
   6.9000000e+02   1.4808516e+03
   6.9100000e+02   1.4808486e+03
   6.9200000e+02   1.4808456e+03
   6.9300000e+02   1.4808426e+03
   6.9400000e+02   1.4808396e+03
   6.9500000e+02   1.4808367e+03
   6.9600000e+02   1.4808337e+03
   6.9700000e+02   1.4808308e+03
   6.9800000e+02   1.4808279e+03
   6.9900000e+02   1.4808250e+03
   7.0000000e+02   1.4808222e+03
   7.0100000e+02   1.4808193e+03
   7.0200000e+02   1.4808165e+03
   7.0300000e+02   1.4808137e+03
   7.0400000e+02   1.4808109e+03
   7.0500000e+02   1.4808081e+03
   7.0600000e+02   1.4808054e+03
   7.0700000e+02   1.4808026e+03
   7.0800000e+02   1.4807999e+03
   7.0900000e+02   1.4807972e+03
   7.1000000e+02   1.4807945e+03
   7.1100000e+02   1.4807918e+03
   7.1200000e+02   1.4807891e+03
   7.1300000e+02   1.4807864e+03
   7.1400000e+02   1.4807838e+03
   7.1500000e+02   1.4807812e+03
   7.1600000e+02   1.4807786e+03
   7.1700000e+02   1.4807760e+03
   7.1800000e+02   1.4807734e+03
   7.1900000e+02   1.4807709e+03
   7.2000000e+02   1.4807684e+03
   7.2100000e+02   1.4807659e+03
   7.2200000e+02   1.4807634e+03
   7.2300000e+02   1.4807609e+03
   7.2400000e+02   1.4807584e+03
   7.2500000e+02   1.4807560e+03
   7.2600000e+02   1.4807535e+03
   7.2700000e+02   1.4807511e+03
   7.2800000e+02   1.4807487e+03
   7.2900000e+02   1.4807463e+03
   7.3000000e+02   1.4807440e+03
   7.3100000e+02   1.4807416e+03
   7.3200000e+02   1.4807393e+03
   7.3300000e+02   1.4807370e+03
   7.3400000e+02   1.4807347e+03
   7.3500000e+02   1.4807324e+03
   7.3600000e+02   1.4807301e+03
   7.3700000e+02   1.4807279e+03
   7.3800000e+02   1.4807256e+03
   7.3900000e+02   1.4807234e+03
   7.4000000e+02   1.4807212e+03
   7.4100000e+02   1.4807190e+03
   7.4200000e+02   1.4807168e+03
   7.4300000e+02   1.4807147e+03
   7.4400000e+02   1.4807125e+03
   7.4500000e+02   1.4807104e+03
   7.4600000e+02   1.4807082e+03
   7.4700000e+02   1.4807061e+03
   7.4800000e+02   1.4807040e+03
   7.4900000e+02   1.4807019e+03
   7.5000000e+02   1.4806998e+03
   7.5100000e+02   1.4806977e+03
   7.5200000e+02   1.4806956e+03
   7.5300000e+02   1.4806936e+03
   7.5400000e+02   1.4806915e+03
   7.5500000e+02   1.4806895e+03
   7.5600000e+02   1.4806875e+03
   7.5700000e+02   1.4806855e+03
   7.5800000e+02   1.4806836e+03
   7.5900000e+02   1.4806816e+03
   7.6000000e+02   1.4806797e+03
   7.6100000e+02   1.4806778e+03
   7.6200000e+02   1.4806758e+03
   7.6300000e+02   1.4806739e+03
   7.6400000e+02   1.4806721e+03
   7.6500000e+02   1.4806702e+03
   7.6600000e+02   1.4806683e+03
   7.6700000e+02   1.4806665e+03
   7.6800000e+02   1.4806646e+03
   7.6900000e+02   1.4806628e+03
   7.7000000e+02   1.4806610e+03
   7.7100000e+02   1.4806593e+03
   7.7200000e+02   1.4806575e+03
   7.7300000e+02   1.4806557e+03
   7.7400000e+02   1.4806540e+03
   7.7500000e+02   1.4806522e+03
   7.7600000e+02   1.4806505e+03
   7.7700000e+02   1.4806488e+03
   7.7800000e+02   1.4806471e+03
   7.7900000e+02   1.4806454e+03
   7.8000000e+02   1.4806437e+03
   7.8100000e+02   1.4806420e+03
   7.8200000e+02   1.4806404e+03
   7.8300000e+02   1.4806388e+03
   7.8400000e+02   1.4806372e+03
   7.8500000e+02   1.4806356e+03
   7.8600000e+02   1.4806340e+03
   7.8700000e+02   1.4806324e+03
   7.8800000e+02   1.4806308e+03
   7.8900000e+02   1.4806293e+03
   7.9000000e+02   1.4806277e+03
   7.9100000e+02   1.4806262e+03
   7.9200000e+02   1.4806247e+03
   7.9300000e+02   1.4806231e+03
   7.9400000e+02   1.4806216e+03
   7.9500000e+02   1.4806201e+03
   7.9600000e+02   1.4806187e+03
   7.9700000e+02   1.4806172e+03
   7.9800000e+02   1.4806158e+03
   7.9900000e+02   1.4806143e+03
   8.0000000e+02   1.4806129e+03
   8.0100000e+02   1.4806115e+03
   8.0200000e+02   1.4806101e+03
   8.0300000e+02   1.4806087e+03
   8.0400000e+02   1.4806073e+03
   8.0500000e+02   1.4806060e+03
   8.0600000e+02   1.4806046e+03
   8.0700000e+02   1.4806033e+03
   8.0800000e+02   1.4806020e+03
   8.0900000e+02   1.4806007e+03
   8.1000000e+02   1.4805994e+03
   8.1100000e+02   1.4805981e+03
   8.1200000e+02   1.4805968e+03
   8.1300000e+02   1.4805956e+03
   8.1400000e+02   1.4805943e+03
   8.1500000e+02   1.4805931e+03
   8.1600000e+02   1.4805919e+03
   8.1700000e+02   1.4805906e+03
   8.1800000e+02   1.4805894e+03
   8.1900000e+02   1.4805883e+03
   8.2000000e+02   1.4805871e+03
   8.2100000e+02   1.4805859e+03
   8.2200000e+02   1.4805848e+03
   8.2300000e+02   1.4805836e+03
   8.2400000e+02   1.4805825e+03
   8.2500000e+02   1.4805814e+03
   8.2600000e+02   1.4805803e+03
   8.2700000e+02   1.4805792e+03
   8.2800000e+02   1.4805782e+03
   8.2900000e+02   1.4805771e+03
   8.3000000e+02   1.4805761e+03
   8.3100000e+02   1.4805751e+03
   8.3200000e+02   1.4805741e+03
   8.3300000e+02   1.4805731e+03
   8.3400000e+02   1.4805721e+03
   8.3500000e+02   1.4805712e+03
   8.3600000e+02   1.4805702e+03
   8.3700000e+02   1.4805692e+03
   8.3800000e+02   1.4805683e+03
   8.3900000e+02   1.4805674e+03
   8.4000000e+02   1.4805665e+03
   8.4100000e+02   1.4805655e+03
   8.4200000e+02   1.4805646e+03
   8.4300000e+02   1.4805638e+03
   8.4400000e+02   1.4805629e+03
   8.4500000e+02   1.4805620e+03
   8.4600000e+02   1.4805612e+03
   8.4700000e+02   1.4805603e+03
   8.4800000e+02   1.4805595e+03
   8.4900000e+02   1.4805587e+03
   8.5000000e+02   1.4805578e+03
   8.5100000e+02   1.4805570e+03
   8.5200000e+02   1.4805562e+03
   8.5300000e+02   1.4805554e+03
   8.5400000e+02   1.4805546e+03
   8.5500000e+02   1.4805539e+03
   8.5600000e+02   1.4805531e+03
   8.5700000e+02   1.4805523e+03
   8.5800000e+02   1.4805516e+03
   8.5900000e+02   1.4805508e+03
   8.6000000e+02   1.4805501e+03
   8.6100000e+02   1.4805493e+03
   8.6200000e+02   1.4805486e+03
   8.6300000e+02   1.4805479e+03
   8.6400000e+02   1.4805473e+03
   8.6500000e+02   1.4805466e+03
   8.6600000e+02   1.4805459e+03
   8.6700000e+02   1.4805453e+03
   8.6800000e+02   1.4805446e+03
   8.6900000e+02   1.4805440e+03
   8.7000000e+02   1.4805434e+03
   8.7100000e+02   1.4805428e+03
   8.7200000e+02   1.4805421e+03
   8.7300000e+02   1.4805416e+03
   8.7400000e+02   1.4805410e+03
   8.7500000e+02   1.4805404e+03
   8.7600000e+02   1.4805398e+03
   8.7700000e+02   1.4805392e+03
   8.7800000e+02   1.4805387e+03
   8.7900000e+02   1.4805382e+03
   8.8000000e+02   1.4805376e+03
   8.8100000e+02   1.4805371e+03
   8.8200000e+02   1.4805366e+03
   8.8300000e+02   1.4805361e+03
   8.8400000e+02   1.4805356e+03
   8.8500000e+02   1.4805351e+03
   8.8600000e+02   1.4805347e+03
   8.8700000e+02   1.4805342e+03
   8.8800000e+02   1.4805337e+03
   8.8900000e+02   1.4805332e+03
   8.9000000e+02   1.4805328e+03
   8.9100000e+02   1.4805323e+03
   8.9200000e+02   1.4805319e+03
   8.9300000e+02   1.4805314e+03
   8.9400000e+02   1.4805310e+03
   8.9500000e+02   1.4805306e+03
   8.9600000e+02   1.4805301e+03
   8.9700000e+02   1.4805297e+03
   8.9800000e+02   1.4805293e+03
   8.9900000e+02   1.4805289e+03
   9.0000000e+02   1.4805285e+03
   9.0100000e+02   1.4805281e+03
   9.0200000e+02   1.4805277e+03
   9.0300000e+02   1.4805273e+03
   9.0400000e+02   1.4805269e+03
   9.0500000e+02   1.4805265e+03
   9.0600000e+02   1.4805262e+03
   9.0700000e+02   1.4805258e+03
   9.0800000e+02   1.4805255e+03
   9.0900000e+02   1.4805252e+03
   9.1000000e+02   1.4805249e+03
   9.1100000e+02   1.4805245e+03
   9.1200000e+02   1.4805243e+03
   9.1300000e+02   1.4805240e+03
   9.1400000e+02   1.4805237e+03
   9.1500000e+02   1.4805234e+03
   9.1600000e+02   1.4805232e+03
   9.1700000e+02   1.4805229e+03
   9.1800000e+02   1.4805227e+03
   9.1900000e+02   1.4805224e+03
   9.2000000e+02   1.4805222e+03
   9.2100000e+02   1.4805220e+03
   9.2200000e+02   1.4805218e+03
   9.2300000e+02   1.4805216e+03
   9.2400000e+02   1.4805213e+03
   9.2500000e+02   1.4805211e+03
   9.2600000e+02   1.4805210e+03
   9.2700000e+02   1.4805208e+03
   9.2800000e+02   1.4805206e+03
   9.2900000e+02   1.4805205e+03
   9.3000000e+02   1.4805203e+03
   9.3100000e+02   1.4805202e+03
   9.3200000e+02   1.4805201e+03
   9.3300000e+02   1.4805199e+03
   9.3400000e+02   1.4805198e+03
   9.3500000e+02   1.4805197e+03
   9.3600000e+02   1.4805196e+03
   9.3700000e+02   1.4805195e+03
   9.3800000e+02   1.4805195e+03
   9.3900000e+02   1.4805194e+03
   9.4000000e+02   1.4805193e+03
   9.4100000e+02   1.4805193e+03
   9.4200000e+02   1.4805193e+03
   9.4300000e+02   1.4805192e+03
   9.4400000e+02   1.4805192e+03
   9.4500000e+02   1.4805192e+03
   9.4600000e+02   1.4805192e+03
   9.4700000e+02   1.4805192e+03
   9.4800000e+02   1.4805192e+03
   9.4900000e+02   1.4805192e+03
   9.5000000e+02   1.4805192e+03
   9.5100000e+02   1.4805192e+03
   9.5200000e+02   1.4805193e+03
   9.5300000e+02   1.4805193e+03
   9.5400000e+02   1.4805194e+03
   9.5500000e+02   1.4805194e+03
   9.5600000e+02   1.4805195e+03
   9.5700000e+02   1.4805195e+03
   9.5800000e+02   1.4805196e+03
   9.5900000e+02   1.4805197e+03
   9.6000000e+02   1.4805198e+03
   9.6100000e+02   1.4805199e+03
   9.6200000e+02   1.4805200e+03
   9.6300000e+02   1.4805201e+03
   9.6400000e+02   1.4805202e+03
   9.6500000e+02   1.4805204e+03
   9.6600000e+02   1.4805205e+03
   9.6700000e+02   1.4805207e+03
   9.6800000e+02   1.4805209e+03
   9.6900000e+02   1.4805211e+03
   9.7000000e+02   1.4805213e+03
   9.7100000e+02   1.4805215e+03
   9.7200000e+02   1.4805217e+03
   9.7300000e+02   1.4805219e+03
   9.7400000e+02   1.4805221e+03
   9.7500000e+02   1.4805223e+03
   9.7600000e+02   1.4805226e+03
   9.7700000e+02   1.4805228e+03
   9.7800000e+02   1.4805231e+03
   9.7900000e+02   1.4805233e+03
   9.8000000e+02   1.4805236e+03
   9.8100000e+02   1.4805239e+03
   9.8200000e+02   1.4805241e+03
   9.8300000e+02   1.4805244e+03
   9.8400000e+02   1.4805247e+03
   9.8500000e+02   1.4805250e+03
   9.8600000e+02   1.4805253e+03
   9.8700000e+02   1.4805256e+03
   9.8800000e+02   1.4805259e+03
   9.8900000e+02   1.4805263e+03
   9.9000000e+02   1.4805266e+03
   9.9100000e+02   1.4805269e+03
   9.9200000e+02   1.4805273e+03
   9.9300000e+02   1.4805276e+03
   9.9400000e+02   1.4805280e+03
   9.9500000e+02   1.4805283e+03
   9.9600000e+02   1.4805287e+03
   9.9700000e+02   1.4805291e+03
   9.9800000e+02   1.4805294e+03
   9.9900000e+02   1.4805298e+03
   1.0000000e+03   1.4805302e+03
   1.0010000e+03   1.4805307e+03
   1.0020000e+03   1.4805311e+03
   1.0030000e+03   1.4805315e+03
   1.0040000e+03   1.4805319e+03
   1.0050000e+03   1.4805324e+03
   1.0060000e+03   1.4805329e+03
   1.0070000e+03   1.4805333e+03
   1.0080000e+03   1.4805338e+03
   1.0090000e+03   1.4805343e+03
   1.0100000e+03   1.4805348e+03
   1.0110000e+03   1.4805353e+03
   1.0120000e+03   1.4805358e+03
   1.0130000e+03   1.4805363e+03
   1.0140000e+03   1.4805368e+03
   1.0150000e+03   1.4805373e+03
   1.0160000e+03   1.4805378e+03
   1.0170000e+03   1.4805384e+03
   1.0180000e+03   1.4805389e+03
   1.0190000e+03   1.4805394e+03
   1.0200000e+03   1.4805400e+03
   1.0210000e+03   1.4805405e+03
   1.0220000e+03   1.4805411e+03
   1.0230000e+03   1.4805417e+03
   1.0240000e+03   1.4805422e+03
   1.0250000e+03   1.4805428e+03
   1.0260000e+03   1.4805434e+03
   1.0270000e+03   1.4805439e+03
   1.0280000e+03   1.4805445e+03
   1.0290000e+03   1.4805451e+03
   1.0300000e+03   1.4805457e+03
   1.0310000e+03   1.4805463e+03
   1.0320000e+03   1.4805470e+03
   1.0330000e+03   1.4805476e+03
   1.0340000e+03   1.4805482e+03
   1.0350000e+03   1.4805488e+03
   1.0360000e+03   1.4805494e+03
   1.0370000e+03   1.4805501e+03
   1.0380000e+03   1.4805507e+03
   1.0390000e+03   1.4805514e+03
   1.0400000e+03   1.4805520e+03
   1.0410000e+03   1.4805527e+03
   1.0420000e+03   1.4805533e+03
   1.0430000e+03   1.4805540e+03
   1.0440000e+03   1.4805547e+03
   1.0450000e+03   1.4805554e+03
   1.0460000e+03   1.4805561e+03
   1.0470000e+03   1.4805568e+03
   1.0480000e+03   1.4805575e+03
   1.0490000e+03   1.4805582e+03
   1.0500000e+03   1.4805589e+03
   1.0510000e+03   1.4805596e+03
   1.0520000e+03   1.4805604e+03
   1.0530000e+03   1.4805611e+03
   1.0540000e+03   1.4805618e+03
   1.0550000e+03   1.4805626e+03
   1.0560000e+03   1.4805633e+03
   1.0570000e+03   1.4805641e+03
   1.0580000e+03   1.4805649e+03
   1.0590000e+03   1.4805656e+03
   1.0600000e+03   1.4805664e+03
   1.0610000e+03   1.4805672e+03
   1.0620000e+03   1.4805680e+03
   1.0630000e+03   1.4805687e+03
   1.0640000e+03   1.4805695e+03
   1.0650000e+03   1.4805703e+03
   1.0660000e+03   1.4805711e+03
   1.0670000e+03   1.4805720e+03
   1.0680000e+03   1.4805728e+03
   1.0690000e+03   1.4805736e+03
   1.0700000e+03   1.4805744e+03
   1.0710000e+03   1.4805753e+03
   1.0720000e+03   1.4805761e+03
   1.0730000e+03   1.4805770e+03
   1.0740000e+03   1.4805778e+03
   1.0750000e+03   1.4805787e+03
   1.0760000e+03   1.4805795e+03
   1.0770000e+03   1.4805804e+03
   1.0780000e+03   1.4805813e+03
   1.0790000e+03   1.4805822e+03
   1.0800000e+03   1.4805831e+03
   1.0810000e+03   1.4805839e+03
   1.0820000e+03   1.4805849e+03
   1.0830000e+03   1.4805858e+03
   1.0840000e+03   1.4805867e+03
   1.0850000e+03   1.4805876e+03
   1.0860000e+03   1.4805886e+03
   1.0870000e+03   1.4805895e+03
   1.0880000e+03   1.4805905e+03
   1.0890000e+03   1.4805914e+03
   1.0900000e+03   1.4805924e+03
   1.0910000e+03   1.4805933e+03
   1.0920000e+03   1.4805943e+03
   1.0930000e+03   1.4805952e+03
   1.0940000e+03   1.4805962e+03
   1.0950000e+03   1.4805972e+03
   1.0960000e+03   1.4805982e+03
   1.0970000e+03   1.4805992e+03
   1.0980000e+03   1.4806001e+03
   1.0990000e+03   1.4806011e+03
   1.1000000e+03   1.4806022e+03
   1.1010000e+03   1.4806032e+03
   1.1020000e+03   1.4806042e+03
   1.1030000e+03   1.4806052e+03
   1.1040000e+03   1.4806063e+03
   1.1050000e+03   1.4806073e+03
   1.1060000e+03   1.4806083e+03
   1.1070000e+03   1.4806094e+03
   1.1080000e+03   1.4806105e+03
   1.1090000e+03   1.4806115e+03
   1.1100000e+03   1.4806126e+03
   1.1110000e+03   1.4806137e+03
   1.1120000e+03   1.4806148e+03
   1.1130000e+03   1.4806159e+03
   1.1140000e+03   1.4806170e+03
   1.1150000e+03   1.4806181e+03
   1.1160000e+03   1.4806192e+03
   1.1170000e+03   1.4806203e+03
   1.1180000e+03   1.4806215e+03
   1.1190000e+03   1.4806226e+03
   1.1200000e+03   1.4806237e+03
   1.1210000e+03   1.4806249e+03
   1.1220000e+03   1.4806260e+03
   1.1230000e+03   1.4806271e+03
   1.1240000e+03   1.4806283e+03
   1.1250000e+03   1.4806294e+03
   1.1260000e+03   1.4806306e+03
   1.1270000e+03   1.4806318e+03
   1.1280000e+03   1.4806329e+03
   1.1290000e+03   1.4806341e+03
   1.1300000e+03   1.4806353e+03
   1.1310000e+03   1.4806365e+03
   1.1320000e+03   1.4806377e+03
   1.1330000e+03   1.4806388e+03
   1.1340000e+03   1.4806400e+03
   1.1350000e+03   1.4806412e+03
   1.1360000e+03   1.4806424e+03
   1.1370000e+03   1.4806437e+03
   1.1380000e+03   1.4806449e+03
   1.1390000e+03   1.4806461e+03
   1.1400000e+03   1.4806473e+03
   1.1410000e+03   1.4806486e+03
   1.1420000e+03   1.4806498e+03
   1.1430000e+03   1.4806510e+03
   1.1440000e+03   1.4806523e+03
   1.1450000e+03   1.4806535e+03
   1.1460000e+03   1.4806548e+03
   1.1470000e+03   1.4806560e+03
   1.1480000e+03   1.4806573e+03
   1.1490000e+03   1.4806585e+03
   1.1500000e+03   1.4806598e+03
   1.1510000e+03   1.4806611e+03
   1.1520000e+03   1.4806623e+03
   1.1530000e+03   1.4806636e+03
   1.1540000e+03   1.4806649e+03
   1.1550000e+03   1.4806662e+03
   1.1560000e+03   1.4806674e+03
   1.1570000e+03   1.4806687e+03
   1.1580000e+03   1.4806700e+03
   1.1590000e+03   1.4806713e+03
   1.1600000e+03   1.4806726e+03
   1.1610000e+03   1.4806740e+03
   1.1620000e+03   1.4806753e+03
   1.1630000e+03   1.4806766e+03
   1.1640000e+03   1.4806779e+03
   1.1650000e+03   1.4806792e+03
   1.1660000e+03   1.4806805e+03
   1.1670000e+03   1.4806819e+03
   1.1680000e+03   1.4806832e+03
   1.1690000e+03   1.4806845e+03
   1.1700000e+03   1.4806859e+03
   1.1710000e+03   1.4806872e+03
   1.1720000e+03   1.4806886e+03
   1.1730000e+03   1.4806899e+03
   1.1740000e+03   1.4806913e+03
   1.1750000e+03   1.4806926e+03
   1.1760000e+03   1.4806940e+03
   1.1770000e+03   1.4806954e+03
   1.1780000e+03   1.4806967e+03
   1.1790000e+03   1.4806981e+03
   1.1800000e+03   1.4806995e+03
   1.1810000e+03   1.4807009e+03
   1.1820000e+03   1.4807023e+03
   1.1830000e+03   1.4807037e+03
   1.1840000e+03   1.4807051e+03
   1.1850000e+03   1.4807065e+03
   1.1860000e+03   1.4807079e+03
   1.1870000e+03   1.4807093e+03
   1.1880000e+03   1.4807107e+03
   1.1890000e+03   1.4807121e+03
   1.1900000e+03   1.4807135e+03
   1.1910000e+03   1.4807150e+03
   1.1920000e+03   1.4807164e+03
   1.1930000e+03   1.4807178e+03
   1.1940000e+03   1.4807193e+03
   1.1950000e+03   1.4807207e+03
   1.1960000e+03   1.4807222e+03
   1.1970000e+03   1.4807236e+03
   1.1980000e+03   1.4807251e+03
   1.1990000e+03   1.4807265e+03
   1.2000000e+03   1.4807280e+03
   1.2010000e+03   1.4807295e+03
   1.2020000e+03   1.4807309e+03
   1.2030000e+03   1.4807324e+03
   1.2040000e+03   1.4807339e+03
   1.2050000e+03   1.4807354e+03
   1.2060000e+03   1.4807368e+03
   1.2070000e+03   1.4807383e+03
   1.2080000e+03   1.4807398e+03
   1.2090000e+03   1.4807413e+03
   1.2100000e+03   1.4807428e+03
   1.2110000e+03   1.4807443e+03
   1.2120000e+03   1.4807458e+03
   1.2130000e+03   1.4807473e+03
   1.2140000e+03   1.4807488e+03
   1.2150000e+03   1.4807503e+03
   1.2160000e+03   1.4807518e+03
   1.2170000e+03   1.4807534e+03
   1.2180000e+03   1.4807549e+03
   1.2190000e+03   1.4807564e+03
   1.2200000e+03   1.4807580e+03
   1.2210000e+03   1.4807595e+03
   1.2220000e+03   1.4807610e+03
   1.2230000e+03   1.4807626e+03
   1.2240000e+03   1.4807641e+03
   1.2250000e+03   1.4807657e+03
   1.2260000e+03   1.4807673e+03
   1.2270000e+03   1.4807688e+03
   1.2280000e+03   1.4807704e+03
   1.2290000e+03   1.4807720e+03
   1.2300000e+03   1.4807735e+03
   1.2310000e+03   1.4807751e+03
   1.2320000e+03   1.4807767e+03
   1.2330000e+03   1.4807783e+03
   1.2340000e+03   1.4807799e+03
   1.2350000e+03   1.4807815e+03
   1.2360000e+03   1.4807831e+03
   1.2370000e+03   1.4807847e+03
   1.2380000e+03   1.4807863e+03
   1.2390000e+03   1.4807879e+03
   1.2400000e+03   1.4807895e+03
   1.2410000e+03   1.4807911e+03
   1.2420000e+03   1.4807927e+03
   1.2430000e+03   1.4807944e+03
   1.2440000e+03   1.4807960e+03
   1.2450000e+03   1.4807976e+03
   1.2460000e+03   1.4807992e+03
   1.2470000e+03   1.4808009e+03
   1.2480000e+03   1.4808025e+03
   1.2490000e+03   1.4808042e+03
   1.2500000e+03   1.4808058e+03
   1.2510000e+03   1.4808074e+03
   1.2520000e+03   1.4808091e+03
   1.2530000e+03   1.4808108e+03
   1.2540000e+03   1.4808124e+03
   1.2550000e+03   1.4808141e+03
   1.2560000e+03   1.4808158e+03
   1.2570000e+03   1.4808174e+03
   1.2580000e+03   1.4808191e+03
   1.2590000e+03   1.4808208e+03
   1.2600000e+03   1.4808225e+03
   1.2610000e+03   1.4808242e+03
   1.2620000e+03   1.4808258e+03
   1.2630000e+03   1.4808275e+03
   1.2640000e+03   1.4808292e+03
   1.2650000e+03   1.4808309e+03
   1.2660000e+03   1.4808326e+03
   1.2670000e+03   1.4808343e+03
   1.2680000e+03   1.4808360e+03
   1.2690000e+03   1.4808378e+03
   1.2700000e+03   1.4808395e+03
   1.2710000e+03   1.4808412e+03
   1.2720000e+03   1.4808429e+03
   1.2730000e+03   1.4808446e+03
   1.2740000e+03   1.4808464e+03
   1.2750000e+03   1.4808481e+03
   1.2760000e+03   1.4808499e+03
   1.2770000e+03   1.4808516e+03
   1.2780000e+03   1.4808534e+03
   1.2790000e+03   1.4808551e+03
   1.2800000e+03   1.4808569e+03
   1.2810000e+03   1.4808587e+03
   1.2820000e+03   1.4808604e+03
   1.2830000e+03   1.4808622e+03
   1.2840000e+03   1.4808640e+03
   1.2850000e+03   1.4808658e+03
   1.2860000e+03   1.4808676e+03
   1.2870000e+03   1.4808694e+03
   1.2880000e+03   1.4808712e+03
   1.2890000e+03   1.4808730e+03
   1.2900000e+03   1.4808748e+03
   1.2910000e+03   1.4808766e+03
   1.2920000e+03   1.4808784e+03
   1.2930000e+03   1.4808802e+03
   1.2940000e+03   1.4808820e+03
   1.2950000e+03   1.4808839e+03
   1.2960000e+03   1.4808857e+03
   1.2970000e+03   1.4808875e+03
   1.2980000e+03   1.4808894e+03
   1.2990000e+03   1.4808912e+03
   1.3000000e+03   1.4808930e+03
   1.3010000e+03   1.4808949e+03
   1.3020000e+03   1.4808967e+03
   1.3030000e+03   1.4808986e+03
   1.3040000e+03   1.4809004e+03
   1.3050000e+03   1.4809023e+03
   1.3060000e+03   1.4809042e+03
   1.3070000e+03   1.4809060e+03
   1.3080000e+03   1.4809079e+03
   1.3090000e+03   1.4809098e+03
   1.3100000e+03   1.4809117e+03
   1.3110000e+03   1.4809136e+03
   1.3120000e+03   1.4809155e+03
   1.3130000e+03   1.4809174e+03
   1.3140000e+03   1.4809193e+03
   1.3150000e+03   1.4809212e+03
   1.3160000e+03   1.4809231e+03
   1.3170000e+03   1.4809250e+03
   1.3180000e+03   1.4809269e+03
   1.3190000e+03   1.4809288e+03
   1.3200000e+03   1.4809308e+03
   1.3210000e+03   1.4809327e+03
   1.3220000e+03   1.4809346e+03
   1.3230000e+03   1.4809366e+03
   1.3240000e+03   1.4809385e+03
   1.3250000e+03   1.4809405e+03
   1.3260000e+03   1.4809424e+03
   1.3270000e+03   1.4809444e+03
   1.3280000e+03   1.4809463e+03
   1.3290000e+03   1.4809483e+03
   1.3300000e+03   1.4809503e+03
   1.3310000e+03   1.4809522e+03
   1.3320000e+03   1.4809542e+03
   1.3330000e+03   1.4809562e+03
   1.3340000e+03   1.4809582e+03
   1.3350000e+03   1.4809601e+03
   1.3360000e+03   1.4809621e+03
   1.3370000e+03   1.4809641e+03
   1.3380000e+03   1.4809661e+03
   1.3390000e+03   1.4809681e+03
   1.3400000e+03   1.4809701e+03
   1.3410000e+03   1.4809721e+03
   1.3420000e+03   1.4809741e+03
   1.3430000e+03   1.4809762e+03
   1.3440000e+03   1.4809782e+03
   1.3450000e+03   1.4809802e+03
   1.3460000e+03   1.4809823e+03
   1.3470000e+03   1.4809843e+03
   1.3480000e+03   1.4809863e+03
   1.3490000e+03   1.4809884e+03
   1.3500000e+03   1.4809904e+03
   1.3510000e+03   1.4809925e+03
   1.3520000e+03   1.4809945e+03
   1.3530000e+03   1.4809966e+03
   1.3540000e+03   1.4809986e+03
   1.3550000e+03   1.4810007e+03
   1.3560000e+03   1.4810027e+03
   1.3570000e+03   1.4810048e+03
   1.3580000e+03   1.4810069e+03
   1.3590000e+03   1.4810089e+03
   1.3600000e+03   1.4810110e+03
   1.3610000e+03   1.4810131e+03
   1.3620000e+03   1.4810152e+03
   1.3630000e+03   1.4810172e+03
   1.3640000e+03   1.4810193e+03
   1.3650000e+03   1.4810214e+03
   1.3660000e+03   1.4810235e+03
   1.3670000e+03   1.4810256e+03
   1.3680000e+03   1.4810277e+03
   1.3690000e+03   1.4810298e+03
   1.3700000e+03   1.4810319e+03
   1.3710000e+03   1.4810340e+03
   1.3720000e+03   1.4810362e+03
   1.3730000e+03   1.4810383e+03
   1.3740000e+03   1.4810404e+03
   1.3750000e+03   1.4810425e+03
   1.3760000e+03   1.4810446e+03
   1.3770000e+03   1.4810468e+03
   1.3780000e+03   1.4810489e+03
   1.3790000e+03   1.4810510e+03
   1.3800000e+03   1.4810532e+03
   1.3810000e+03   1.4810553e+03
   1.3820000e+03   1.4810575e+03
   1.3830000e+03   1.4810596e+03
   1.3840000e+03   1.4810618e+03
   1.3850000e+03   1.4810639e+03
   1.3860000e+03   1.4810661e+03
   1.3870000e+03   1.4810683e+03
   1.3880000e+03   1.4810704e+03
   1.3890000e+03   1.4810726e+03
   1.3900000e+03   1.4810748e+03
   1.3910000e+03   1.4810769e+03
   1.3920000e+03   1.4810791e+03
   1.3930000e+03   1.4810813e+03
   1.3940000e+03   1.4810835e+03
   1.3950000e+03   1.4810857e+03
   1.3960000e+03   1.4810878e+03
   1.3970000e+03   1.4810900e+03
   1.3980000e+03   1.4810922e+03
   1.3990000e+03   1.4810944e+03
   1.4000000e+03   1.4810966e+03
   1.4010000e+03   1.4810988e+03
   1.4020000e+03   1.4811010e+03
   1.4030000e+03   1.4811032e+03
   1.4040000e+03   1.4811054e+03
   1.4050000e+03   1.4811077e+03
   1.4060000e+03   1.4811099e+03
   1.4070000e+03   1.4811121e+03
   1.4080000e+03   1.4811143e+03
   1.4090000e+03   1.4811165e+03
   1.4100000e+03   1.4811188e+03
   1.4110000e+03   1.4811210e+03
   1.4120000e+03   1.4811232e+03
   1.4130000e+03   1.4811255e+03
   1.4140000e+03   1.4811277e+03
   1.4150000e+03   1.4811300e+03
   1.4160000e+03   1.4811322e+03
   1.4170000e+03   1.4811345e+03
   1.4180000e+03   1.4811367e+03
   1.4190000e+03   1.4811390e+03
   1.4200000e+03   1.4811412e+03
   1.4210000e+03   1.4811435e+03
   1.4220000e+03   1.4811458e+03
   1.4230000e+03   1.4811480e+03
   1.4240000e+03   1.4811503e+03
   1.4250000e+03   1.4811526e+03
   1.4260000e+03   1.4811549e+03
   1.4270000e+03   1.4811571e+03
   1.4280000e+03   1.4811594e+03
   1.4290000e+03   1.4811617e+03
   1.4300000e+03   1.4811640e+03
   1.4310000e+03   1.4811663e+03
   1.4320000e+03   1.4811686e+03
   1.4330000e+03   1.4811709e+03
   1.4340000e+03   1.4811732e+03
   1.4350000e+03   1.4811756e+03
   1.4360000e+03   1.4811779e+03
   1.4370000e+03   1.4811802e+03
   1.4380000e+03   1.4811825e+03
   1.4390000e+03   1.4811848e+03
   1.4400000e+03   1.4811871e+03
   1.4410000e+03   1.4811895e+03
   1.4420000e+03   1.4811918e+03
   1.4430000e+03   1.4811942e+03
   1.4440000e+03   1.4811965e+03
   1.4450000e+03   1.4811988e+03
   1.4460000e+03   1.4812012e+03
   1.4470000e+03   1.4812036e+03
   1.4480000e+03   1.4812059e+03
   1.4490000e+03   1.4812083e+03
   1.4500000e+03   1.4812107e+03
   1.4510000e+03   1.4812131e+03
   1.4520000e+03   1.4812154e+03
   1.4530000e+03   1.4812178e+03
   1.4540000e+03   1.4812202e+03
   1.4550000e+03   1.4812226e+03
   1.4560000e+03   1.4812250e+03
   1.4570000e+03   1.4812274e+03
   1.4580000e+03   1.4812298e+03
   1.4590000e+03   1.4812322e+03
   1.4600000e+03   1.4812346e+03
   1.4610000e+03   1.4812370e+03
   1.4620000e+03   1.4812394e+03
   1.4630000e+03   1.4812419e+03
   1.4640000e+03   1.4812443e+03
   1.4650000e+03   1.4812467e+03
   1.4660000e+03   1.4812491e+03
   1.4670000e+03   1.4812516e+03
   1.4680000e+03   1.4812540e+03
   1.4690000e+03   1.4812564e+03
   1.4700000e+03   1.4812589e+03
   1.4710000e+03   1.4812613e+03
   1.4720000e+03   1.4812637e+03
   1.4730000e+03   1.4812662e+03
   1.4740000e+03   1.4812686e+03
   1.4750000e+03   1.4812711e+03
   1.4760000e+03   1.4812736e+03
   1.4770000e+03   1.4812760e+03
   1.4780000e+03   1.4812785e+03
   1.4790000e+03   1.4812809e+03
   1.4800000e+03   1.4812834e+03
   1.4810000e+03   1.4812859e+03
   1.4820000e+03   1.4812883e+03
   1.4830000e+03   1.4812908e+03
   1.4840000e+03   1.4812933e+03
   1.4850000e+03   1.4812958e+03
   1.4860000e+03   1.4812983e+03
   1.4870000e+03   1.4813008e+03
   1.4880000e+03   1.4813032e+03
   1.4890000e+03   1.4813057e+03
   1.4900000e+03   1.4813083e+03
   1.4910000e+03   1.4813108e+03
   1.4920000e+03   1.4813133e+03
   1.4930000e+03   1.4813158e+03
   1.4940000e+03   1.4813183e+03
   1.4950000e+03   1.4813208e+03
   1.4960000e+03   1.4813233e+03
   1.4970000e+03   1.4813259e+03
   1.4980000e+03   1.4813284e+03
   1.4990000e+03   1.4813309e+03
   1.5000000e+03   1.4813335e+03
   1.5010000e+03   1.4813360e+03
   1.5020000e+03   1.4813385e+03
   1.5030000e+03   1.4813411e+03
   1.5040000e+03   1.4813436e+03
   1.5050000e+03   1.4813462e+03
   1.5060000e+03   1.4813488e+03
   1.5070000e+03   1.4813513e+03
   1.5080000e+03   1.4813539e+03
   1.5090000e+03   1.4813564e+03
   1.5100000e+03   1.4813590e+03
   1.5110000e+03   1.4813616e+03
   1.5120000e+03   1.4813642e+03
   1.5130000e+03   1.4813668e+03
   1.5140000e+03   1.4813693e+03
   1.5150000e+03   1.4813719e+03
   1.5160000e+03   1.4813745e+03
   1.5170000e+03   1.4813771e+03
   1.5180000e+03   1.4813797e+03
   1.5190000e+03   1.4813823e+03
   1.5200000e+03   1.4813849e+03
   1.5210000e+03   1.4813875e+03
   1.5220000e+03   1.4813901e+03
   1.5230000e+03   1.4813927e+03
   1.5240000e+03   1.4813954e+03
   1.5250000e+03   1.4813980e+03
   1.5260000e+03   1.4814006e+03
   1.5270000e+03   1.4814032e+03
   1.5280000e+03   1.4814059e+03
   1.5290000e+03   1.4814085e+03
   1.5300000e+03   1.4814111e+03
   1.5310000e+03   1.4814138e+03
   1.5320000e+03   1.4814164e+03
   1.5330000e+03   1.4814191e+03
   1.5340000e+03   1.4814217e+03
   1.5350000e+03   1.4814244e+03
   1.5360000e+03   1.4814270e+03
   1.5370000e+03   1.4814297e+03
   1.5380000e+03   1.4814324e+03
   1.5390000e+03   1.4814350e+03
   1.5400000e+03   1.4814377e+03
   1.5410000e+03   1.4814404e+03
   1.5420000e+03   1.4814431e+03
   1.5430000e+03   1.4814458e+03
   1.5440000e+03   1.4814485e+03
   1.5450000e+03   1.4814512e+03
   1.5460000e+03   1.4814539e+03
   1.5470000e+03   1.4814566e+03
   1.5480000e+03   1.4814593e+03
   1.5490000e+03   1.4814620e+03
   1.5500000e+03   1.4814647e+03
   1.5510000e+03   1.4814674e+03
   1.5520000e+03   1.4814701e+03
   1.5530000e+03   1.4814728e+03
   1.5540000e+03   1.4814756e+03
   1.5550000e+03   1.4814783e+03
   1.5560000e+03   1.4814810e+03
   1.5570000e+03   1.4814838e+03
   1.5580000e+03   1.4814865e+03
   1.5590000e+03   1.4814892e+03
   1.5600000e+03   1.4814920e+03
   1.5610000e+03   1.4814947e+03
   1.5620000e+03   1.4814975e+03
   1.5630000e+03   1.4815003e+03
   1.5640000e+03   1.4815030e+03
   1.5650000e+03   1.4815058e+03
   1.5660000e+03   1.4815085e+03
   1.5670000e+03   1.4815113e+03
   1.5680000e+03   1.4815141e+03
   1.5690000e+03   1.4815169e+03
   1.5700000e+03   1.4815196e+03
   1.5710000e+03   1.4815224e+03
   1.5720000e+03   1.4815252e+03
   1.5730000e+03   1.4815280e+03
   1.5740000e+03   1.4815308e+03
   1.5750000e+03   1.4815336e+03
   1.5760000e+03   1.4815364e+03
   1.5770000e+03   1.4815392e+03
   1.5780000e+03   1.4815420e+03
   1.5790000e+03   1.4815448e+03
   1.5800000e+03   1.4815476e+03
   1.5810000e+03   1.4815504e+03
   1.5820000e+03   1.4815533e+03
   1.5830000e+03   1.4815561e+03
   1.5840000e+03   1.4815589e+03
   1.5850000e+03   1.4815617e+03
   1.5860000e+03   1.4815646e+03
   1.5870000e+03   1.4815674e+03
   1.5880000e+03   1.4815702e+03
   1.5890000e+03   1.4815731e+03
   1.5900000e+03   1.4815759e+03
   1.5910000e+03   1.4815788e+03
   1.5920000e+03   1.4815816e+03
   1.5930000e+03   1.4815845e+03
   1.5940000e+03   1.4815873e+03
   1.5950000e+03   1.4815902e+03
   1.5960000e+03   1.4815930e+03
   1.5970000e+03   1.4815959e+03
   1.5980000e+03   1.4815988e+03
   1.5990000e+03   1.4816016e+03
   1.6000000e+03   1.4816045e+03
   1.6010000e+03   1.4816074e+03
   1.6020000e+03   1.4816103e+03
   1.6030000e+03   1.4816132e+03
   1.6040000e+03   1.4816161e+03
   1.6050000e+03   1.4816189e+03
   1.6060000e+03   1.4816218e+03
   1.6070000e+03   1.4816247e+03
   1.6080000e+03   1.4816276e+03
   1.6090000e+03   1.4816305e+03
   1.6100000e+03   1.4816334e+03
   1.6110000e+03   1.4816364e+03
   1.6120000e+03   1.4816393e+03
   1.6130000e+03   1.4816422e+03
   1.6140000e+03   1.4816451e+03
   1.6150000e+03   1.4816480e+03
   1.6160000e+03   1.4816510e+03
   1.6170000e+03   1.4816539e+03
   1.6180000e+03   1.4816568e+03
   1.6190000e+03   1.4816598e+03
   1.6200000e+03   1.4816627e+03
   1.6210000e+03   1.4816657e+03
   1.6220000e+03   1.4816686e+03
   1.6230000e+03   1.4816716e+03
   1.6240000e+03   1.4816745e+03
   1.6250000e+03   1.4816775e+03
   1.6260000e+03   1.4816804e+03
   1.6270000e+03   1.4816834e+03
   1.6280000e+03   1.4816864e+03
   1.6290000e+03   1.4816893e+03
   1.6300000e+03   1.4816923e+03
   1.6310000e+03   1.4816953e+03
   1.6320000e+03   1.4816983e+03
   1.6330000e+03   1.4817013e+03
   1.6340000e+03   1.4817043e+03
   1.6350000e+03   1.4817073e+03
   1.6360000e+03   1.4817102e+03
   1.6370000e+03   1.4817132e+03
   1.6380000e+03   1.4817162e+03
   1.6390000e+03   1.4817192e+03
   1.6400000e+03   1.4817222e+03
   1.6410000e+03   1.4817252e+03
   1.6420000e+03   1.4817283e+03
   1.6430000e+03   1.4817313e+03
   1.6440000e+03   1.4817343e+03
   1.6450000e+03   1.4817373e+03
   1.6460000e+03   1.4817403e+03
   1.6470000e+03   1.4817433e+03
   1.6480000e+03   1.4817464e+03
   1.6490000e+03   1.4817494e+03
   1.6500000e+03   1.4817524e+03
   1.6510000e+03   1.4817555e+03
   1.6520000e+03   1.4817585e+03
   1.6530000e+03   1.4817615e+03
   1.6540000e+03   1.4817646e+03
   1.6550000e+03   1.4817676e+03
   1.6560000e+03   1.4817707e+03
   1.6570000e+03   1.4817737e+03
   1.6580000e+03   1.4817768e+03
   1.6590000e+03   1.4817798e+03
   1.6600000e+03   1.4817829e+03
   1.6610000e+03   1.4817860e+03
   1.6620000e+03   1.4817890e+03
   1.6630000e+03   1.4817921e+03
   1.6640000e+03   1.4817952e+03
   1.6650000e+03   1.4817982e+03
   1.6660000e+03   1.4818013e+03
   1.6670000e+03   1.4818044e+03
   1.6680000e+03   1.4818075e+03
   1.6690000e+03   1.4818106e+03
   1.6700000e+03   1.4818136e+03
   1.6710000e+03   1.4818167e+03
   1.6720000e+03   1.4818198e+03
   1.6730000e+03   1.4818229e+03
   1.6740000e+03   1.4818260e+03
   1.6750000e+03   1.4818291e+03
   1.6760000e+03   1.4818323e+03
   1.6770000e+03   1.4818354e+03
   1.6780000e+03   1.4818385e+03
   1.6790000e+03   1.4818416e+03
   1.6800000e+03   1.4818447e+03
   1.6810000e+03   1.4818479e+03
   1.6820000e+03   1.4818510e+03
   1.6830000e+03   1.4818541e+03
   1.6840000e+03   1.4818573e+03
   1.6850000e+03   1.4818604e+03
   1.6860000e+03   1.4818635e+03
   1.6870000e+03   1.4818667e+03
   1.6880000e+03   1.4818698e+03
   1.6890000e+03   1.4818730e+03
   1.6900000e+03   1.4818761e+03
   1.6910000e+03   1.4818793e+03
   1.6920000e+03   1.4818824e+03
   1.6930000e+03   1.4818856e+03
   1.6940000e+03   1.4818888e+03
   1.6950000e+03   1.4818919e+03
   1.6960000e+03   1.4818951e+03
   1.6970000e+03   1.4818983e+03
   1.6980000e+03   1.4819015e+03
   1.6990000e+03   1.4819046e+03
   1.7000000e+03   1.4819078e+03
   1.7010000e+03   1.4819110e+03
   1.7020000e+03   1.4819142e+03
   1.7030000e+03   1.4819174e+03
   1.7040000e+03   1.4819206e+03
   1.7050000e+03   1.4819238e+03
   1.7060000e+03   1.4819270e+03
   1.7070000e+03   1.4819302e+03
   1.7080000e+03   1.4819334e+03
   1.7090000e+03   1.4819366e+03
   1.7100000e+03   1.4819398e+03
   1.7110000e+03   1.4819430e+03
   1.7120000e+03   1.4819463e+03
   1.7130000e+03   1.4819495e+03
   1.7140000e+03   1.4819527e+03
   1.7150000e+03   1.4819559e+03
   1.7160000e+03   1.4819592e+03
   1.7170000e+03   1.4819624e+03
   1.7180000e+03   1.4819656e+03
   1.7190000e+03   1.4819689e+03
   1.7200000e+03   1.4819721e+03
   1.7210000e+03   1.4819754e+03
   1.7220000e+03   1.4819786e+03
   1.7230000e+03   1.4819819e+03
   1.7240000e+03   1.4819851e+03
   1.7250000e+03   1.4819884e+03
   1.7260000e+03   1.4819916e+03
   1.7270000e+03   1.4819949e+03
   1.7280000e+03   1.4819982e+03
   1.7290000e+03   1.4820014e+03
   1.7300000e+03   1.4820047e+03
   1.7310000e+03   1.4820080e+03
   1.7320000e+03   1.4820113e+03
   1.7330000e+03   1.4820145e+03
   1.7340000e+03   1.4820178e+03
   1.7350000e+03   1.4820211e+03
   1.7360000e+03   1.4820244e+03
   1.7370000e+03   1.4820277e+03
   1.7380000e+03   1.4820310e+03
   1.7390000e+03   1.4820344e+03
   1.7400000e+03   1.4820377e+03
   1.7410000e+03   1.4820410e+03
   1.7420000e+03   1.4820443e+03
   1.7430000e+03   1.4820476e+03
   1.7440000e+03   1.4820510e+03
   1.7450000e+03   1.4820543e+03
   1.7460000e+03   1.4820576e+03
   1.7470000e+03   1.4820609e+03
   1.7480000e+03   1.4820643e+03
   1.7490000e+03   1.4820676e+03
   1.7500000e+03   1.4820709e+03
   1.7510000e+03   1.4820743e+03
   1.7520000e+03   1.4820776e+03
   1.7530000e+03   1.4820810e+03
   1.7540000e+03   1.4820843e+03
   1.7550000e+03   1.4820877e+03
   1.7560000e+03   1.4820910e+03
   1.7570000e+03   1.4820944e+03
   1.7580000e+03   1.4820977e+03
   1.7590000e+03   1.4821011e+03
   1.7600000e+03   1.4821045e+03
   1.7610000e+03   1.4821078e+03
   1.7620000e+03   1.4821112e+03
   1.7630000e+03   1.4821146e+03
   1.7640000e+03   1.4821180e+03
   1.7650000e+03   1.4821213e+03
   1.7660000e+03   1.4821247e+03
   1.7670000e+03   1.4821281e+03
   1.7680000e+03   1.4821315e+03
   1.7690000e+03   1.4821349e+03
   1.7700000e+03   1.4821383e+03
   1.7710000e+03   1.4821417e+03
   1.7720000e+03   1.4821451e+03
   1.7730000e+03   1.4821485e+03
   1.7740000e+03   1.4821519e+03
   1.7750000e+03   1.4821553e+03
   1.7760000e+03   1.4821587e+03
   1.7770000e+03   1.4821621e+03
   1.7780000e+03   1.4821655e+03
   1.7790000e+03   1.4821689e+03
   1.7800000e+03   1.4821724e+03
   1.7810000e+03   1.4821758e+03
   1.7820000e+03   1.4821792e+03
   1.7830000e+03   1.4821826e+03
   1.7840000e+03   1.4821861e+03
   1.7850000e+03   1.4821895e+03
   1.7860000e+03   1.4821929e+03
   1.7870000e+03   1.4821964e+03
   1.7880000e+03   1.4821998e+03
   1.7890000e+03   1.4822033e+03
   1.7900000e+03   1.4822067e+03
   1.7910000e+03   1.4822102e+03
   1.7920000e+03   1.4822136e+03
   1.7930000e+03   1.4822171e+03
   1.7940000e+03   1.4822206e+03
   1.7950000e+03   1.4822240e+03
   1.7960000e+03   1.4822275e+03
   1.7970000e+03   1.4822310e+03
   1.7980000e+03   1.4822345e+03
   1.7990000e+03   1.4822379e+03
   1.8000000e+03   1.4822414e+03
   1.8010000e+03   1.4822449e+03
   1.8020000e+03   1.4822484e+03
   1.8030000e+03   1.4822519e+03
   1.8040000e+03   1.4822554e+03
   1.8050000e+03   1.4822589e+03
   1.8060000e+03   1.4822624e+03
   1.8070000e+03   1.4822659e+03
   1.8080000e+03   1.4822694e+03
   1.8090000e+03   1.4822729e+03
   1.8100000e+03   1.4822764e+03
   1.8110000e+03   1.4822799e+03
   1.8120000e+03   1.4822834e+03
   1.8130000e+03   1.4822869e+03
   1.8140000e+03   1.4822905e+03
   1.8150000e+03   1.4822940e+03
   1.8160000e+03   1.4822975e+03
   1.8170000e+03   1.4823011e+03
   1.8180000e+03   1.4823046e+03
   1.8190000e+03   1.4823081e+03
   1.8200000e+03   1.4823117e+03
   1.8210000e+03   1.4823152e+03
   1.8220000e+03   1.4823188e+03
   1.8230000e+03   1.4823223e+03
   1.8240000e+03   1.4823259e+03
   1.8250000e+03   1.4823295e+03
   1.8260000e+03   1.4823330e+03
   1.8270000e+03   1.4823366e+03
   1.8280000e+03   1.4823402e+03
   1.8290000e+03   1.4823437e+03
   1.8300000e+03   1.4823473e+03
   1.8310000e+03   1.4823509e+03
   1.8320000e+03   1.4823545e+03
   1.8330000e+03   1.4823581e+03
   1.8340000e+03   1.4823617e+03
   1.8350000e+03   1.4823652e+03
   1.8360000e+03   1.4823688e+03
   1.8370000e+03   1.4823724e+03
   1.8380000e+03   1.4823761e+03
   1.8390000e+03   1.4823797e+03
   1.8400000e+03   1.4823833e+03
   1.8410000e+03   1.4823869e+03
   1.8420000e+03   1.4823905e+03
   1.8430000e+03   1.4823941e+03
   1.8440000e+03   1.4823977e+03
   1.8450000e+03   1.4824014e+03
   1.8460000e+03   1.4824050e+03
   1.8470000e+03   1.4824086e+03
   1.8480000e+03   1.4824123e+03
   1.8490000e+03   1.4824159e+03
   1.8500000e+03   1.4824195e+03
   1.8510000e+03   1.4824232e+03
   1.8520000e+03   1.4824268e+03
   1.8530000e+03   1.4824305e+03
   1.8540000e+03   1.4824341e+03
   1.8550000e+03   1.4824378e+03
   1.8560000e+03   1.4824414e+03
   1.8570000e+03   1.4824451e+03
   1.8580000e+03   1.4824487e+03
   1.8590000e+03   1.4824524e+03
   1.8600000e+03   1.4824561e+03
   1.8610000e+03   1.4824597e+03
   1.8620000e+03   1.4824634e+03
   1.8630000e+03   1.4824671e+03
   1.8640000e+03   1.4824708e+03
   1.8650000e+03   1.4824745e+03
   1.8660000e+03   1.4824781e+03
   1.8670000e+03   1.4824818e+03
   1.8680000e+03   1.4824855e+03
   1.8690000e+03   1.4824892e+03
   1.8700000e+03   1.4824929e+03
   1.8710000e+03   1.4824966e+03
   1.8720000e+03   1.4825003e+03
   1.8730000e+03   1.4825040e+03
   1.8740000e+03   1.4825077e+03
   1.8750000e+03   1.4825115e+03
   1.8760000e+03   1.4825152e+03
   1.8770000e+03   1.4825189e+03
   1.8780000e+03   1.4825226e+03
   1.8790000e+03   1.4825263e+03
   1.8800000e+03   1.4825301e+03
   1.8810000e+03   1.4825338e+03
   1.8820000e+03   1.4825375e+03
   1.8830000e+03   1.4825413e+03
   1.8840000e+03   1.4825450e+03
   1.8850000e+03   1.4825487e+03
   1.8860000e+03   1.4825525e+03
   1.8870000e+03   1.4825562e+03
   1.8880000e+03   1.4825600e+03
   1.8890000e+03   1.4825637e+03
   1.8900000e+03   1.4825675e+03
   1.8910000e+03   1.4825712e+03
   1.8920000e+03   1.4825750e+03
   1.8930000e+03   1.4825788e+03
   1.8940000e+03   1.4825825e+03
   1.8950000e+03   1.4825863e+03
   1.8960000e+03   1.4825900e+03
   1.8970000e+03   1.4825938e+03
   1.8980000e+03   1.4825976e+03
   1.8990000e+03   1.4826014e+03
   1.9000000e+03   1.4826052e+03
   1.9010000e+03   1.4826089e+03
   1.9020000e+03   1.4826127e+03
   1.9030000e+03   1.4826165e+03
   1.9040000e+03   1.4826203e+03
   1.9050000e+03   1.4826241e+03
   1.9060000e+03   1.4826279e+03
   1.9070000e+03   1.4826317e+03
   1.9080000e+03   1.4826355e+03
   1.9090000e+03   1.4826393e+03
   1.9100000e+03   1.4826431e+03
   1.9110000e+03   1.4826469e+03
   1.9120000e+03   1.4826507e+03
   1.9130000e+03   1.4826545e+03
   1.9140000e+03   1.4826583e+03
   1.9150000e+03   1.4826622e+03
   1.9160000e+03   1.4826660e+03
   1.9170000e+03   1.4826698e+03
   1.9180000e+03   1.4826736e+03
   1.9190000e+03   1.4826775e+03
   1.9200000e+03   1.4826813e+03
   1.9210000e+03   1.4826851e+03
   1.9220000e+03   1.4826890e+03
   1.9230000e+03   1.4826928e+03
   1.9240000e+03   1.4826967e+03
   1.9250000e+03   1.4827005e+03
   1.9260000e+03   1.4827044e+03
   1.9270000e+03   1.4827082e+03
   1.9280000e+03   1.4827121e+03
   1.9290000e+03   1.4827160e+03
   1.9300000e+03   1.4827198e+03
   1.9310000e+03   1.4827237e+03
   1.9320000e+03   1.4827276e+03
   1.9330000e+03   1.4827315e+03
   1.9340000e+03   1.4827353e+03
   1.9350000e+03   1.4827392e+03
   1.9360000e+03   1.4827431e+03
   1.9370000e+03   1.4827470e+03
   1.9380000e+03   1.4827509e+03
   1.9390000e+03   1.4827548e+03
   1.9400000e+03   1.4827587e+03
   1.9410000e+03   1.4827626e+03
   1.9420000e+03   1.4827665e+03
   1.9430000e+03   1.4827704e+03
   1.9440000e+03   1.4827743e+03
   1.9450000e+03   1.4827782e+03
   1.9460000e+03   1.4827821e+03
   1.9470000e+03   1.4827860e+03
   1.9480000e+03   1.4827900e+03
   1.9490000e+03   1.4827939e+03
   1.9500000e+03   1.4827978e+03
   1.9510000e+03   1.4828018e+03
   1.9520000e+03   1.4828057e+03
   1.9530000e+03   1.4828096e+03
   1.9540000e+03   1.4828136e+03
   1.9550000e+03   1.4828175e+03
   1.9560000e+03   1.4828215e+03
   1.9570000e+03   1.4828254e+03
   1.9580000e+03   1.4828294e+03
   1.9590000e+03   1.4828333e+03
   1.9600000e+03   1.4828373e+03
   1.9610000e+03   1.4828413e+03
   1.9620000e+03   1.4828453e+03
   1.9630000e+03   1.4828492e+03
   1.9640000e+03   1.4828532e+03
   1.9650000e+03   1.4828572e+03
   1.9660000e+03   1.4828612e+03
   1.9670000e+03   1.4828652e+03
   1.9680000e+03   1.4828691e+03
   1.9690000e+03   1.4828731e+03
   1.9700000e+03   1.4828771e+03
   1.9710000e+03   1.4828811e+03
   1.9720000e+03   1.4828851e+03
   1.9730000e+03   1.4828891e+03
   1.9740000e+03   1.4828931e+03
   1.9750000e+03   1.4828972e+03
   1.9760000e+03   1.4829012e+03
   1.9770000e+03   1.4829052e+03
   1.9780000e+03   1.4829092e+03
   1.9790000e+03   1.4829132e+03
   1.9800000e+03   1.4829173e+03
   1.9810000e+03   1.4829213e+03
   1.9820000e+03   1.4829253e+03
   1.9830000e+03   1.4829293e+03
   1.9840000e+03   1.4829334e+03
   1.9850000e+03   1.4829374e+03
   1.9860000e+03   1.4829415e+03
   1.9870000e+03   1.4829455e+03
   1.9880000e+03   1.4829496e+03
   1.9890000e+03   1.4829536e+03
   1.9900000e+03   1.4829577e+03
   1.9910000e+03   1.4829617e+03
   1.9920000e+03   1.4829658e+03
   1.9930000e+03   1.4829699e+03
   1.9940000e+03   1.4829739e+03
   1.9950000e+03   1.4829780e+03
   1.9960000e+03   1.4829821e+03
   1.9970000e+03   1.4829862e+03
   1.9980000e+03   1.4829902e+03
   1.9990000e+03   1.4829943e+03
   2.0000000e+03   1.4829984e+03
   2.0010000e+03   1.4830025e+03
   2.0020000e+03   1.4830066e+03
   2.0030000e+03   1.4830107e+03
   2.0040000e+03   1.4830148e+03
   2.0050000e+03   1.4830189e+03
   2.0060000e+03   1.4830230e+03
   2.0070000e+03   1.4830271e+03
   2.0080000e+03   1.4830312e+03
   2.0090000e+03   1.4830354e+03
   2.0100000e+03   1.4830395e+03
   2.0110000e+03   1.4830436e+03
   2.0120000e+03   1.4830477e+03
   2.0130000e+03   1.4830519e+03
   2.0140000e+03   1.4830560e+03
   2.0150000e+03   1.4830602e+03
   2.0160000e+03   1.4830643e+03
   2.0170000e+03   1.4830684e+03
   2.0180000e+03   1.4830726e+03
   2.0190000e+03   1.4830767e+03
   2.0200000e+03   1.4830809e+03
   2.0210000e+03   1.4830850e+03
   2.0220000e+03   1.4830892e+03
   2.0230000e+03   1.4830933e+03
   2.0240000e+03   1.4830975e+03
   2.0250000e+03   1.4831017e+03
   2.0260000e+03   1.4831058e+03
   2.0270000e+03   1.4831100e+03
   2.0280000e+03   1.4831142e+03
   2.0290000e+03   1.4831184e+03
   2.0300000e+03   1.4831225e+03
   2.0310000e+03   1.4831267e+03
   2.0320000e+03   1.4831309e+03
   2.0330000e+03   1.4831351e+03
   2.0340000e+03   1.4831393e+03
   2.0350000e+03   1.4831435e+03
   2.0360000e+03   1.4831477e+03
   2.0370000e+03   1.4831519e+03
   2.0380000e+03   1.4831561e+03
   2.0390000e+03   1.4831603e+03
   2.0400000e+03   1.4831645e+03
   2.0410000e+03   1.4831687e+03
   2.0420000e+03   1.4831729e+03
   2.0430000e+03   1.4831771e+03
   2.0440000e+03   1.4831814e+03
   2.0450000e+03   1.4831856e+03
   2.0460000e+03   1.4831898e+03
   2.0470000e+03   1.4831940e+03
   2.0480000e+03   1.4831983e+03
   2.0490000e+03   1.4832025e+03
   2.0500000e+03   1.4832068e+03
   2.0510000e+03   1.4832110e+03
   2.0520000e+03   1.4832153e+03
   2.0530000e+03   1.4832195e+03
   2.0540000e+03   1.4832238e+03
   2.0550000e+03   1.4832280e+03
   2.0560000e+03   1.4832323e+03
   2.0570000e+03   1.4832365e+03
   2.0580000e+03   1.4832408e+03
   2.0590000e+03   1.4832451e+03
   2.0600000e+03   1.4832493e+03
   2.0610000e+03   1.4832536e+03
   2.0620000e+03   1.4832579e+03
   2.0630000e+03   1.4832621e+03
   2.0640000e+03   1.4832664e+03
   2.0650000e+03   1.4832707e+03
   2.0660000e+03   1.4832750e+03
   2.0670000e+03   1.4832793e+03
   2.0680000e+03   1.4832836e+03
   2.0690000e+03   1.4832879e+03
   2.0700000e+03   1.4832922e+03
   2.0710000e+03   1.4832965e+03
   2.0720000e+03   1.4833008e+03
   2.0730000e+03   1.4833051e+03
   2.0740000e+03   1.4833094e+03
   2.0750000e+03   1.4833137e+03
   2.0760000e+03   1.4833180e+03
   2.0770000e+03   1.4833223e+03
   2.0780000e+03   1.4833266e+03
   2.0790000e+03   1.4833309e+03
   2.0800000e+03   1.4833353e+03
   2.0810000e+03   1.4833396e+03
   2.0820000e+03   1.4833439e+03
   2.0830000e+03   1.4833482e+03
   2.0840000e+03   1.4833526e+03
   2.0850000e+03   1.4833569e+03
   2.0860000e+03   1.4833613e+03
   2.0870000e+03   1.4833656e+03
   2.0880000e+03   1.4833699e+03
   2.0890000e+03   1.4833743e+03
   2.0900000e+03   1.4833786e+03
   2.0910000e+03   1.4833830e+03
   2.0920000e+03   1.4833874e+03
   2.0930000e+03   1.4833917e+03
   2.0940000e+03   1.4833961e+03
   2.0950000e+03   1.4834004e+03
   2.0960000e+03   1.4834048e+03
   2.0970000e+03   1.4834092e+03
   2.0980000e+03   1.4834135e+03
   2.0990000e+03   1.4834179e+03
   2.1000000e+03   1.4834223e+03
   2.1010000e+03   1.4834267e+03
   2.1020000e+03   1.4834311e+03
   2.1030000e+03   1.4834355e+03
   2.1040000e+03   1.4834398e+03
   2.1050000e+03   1.4834442e+03
   2.1060000e+03   1.4834486e+03
   2.1070000e+03   1.4834530e+03
   2.1080000e+03   1.4834574e+03
   2.1090000e+03   1.4834618e+03
   2.1100000e+03   1.4834663e+03
   2.1110000e+03   1.4834707e+03
   2.1120000e+03   1.4834751e+03
   2.1130000e+03   1.4834795e+03
   2.1140000e+03   1.4834839e+03
   2.1150000e+03   1.4834883e+03
   2.1160000e+03   1.4834927e+03
   2.1170000e+03   1.4834972e+03
   2.1180000e+03   1.4835016e+03
   2.1190000e+03   1.4835060e+03
   2.1200000e+03   1.4835105e+03
   2.1210000e+03   1.4835149e+03
   2.1220000e+03   1.4835194e+03
   2.1230000e+03   1.4835238e+03
   2.1240000e+03   1.4835282e+03
   2.1250000e+03   1.4835327e+03
   2.1260000e+03   1.4835372e+03
   2.1270000e+03   1.4835416e+03
   2.1280000e+03   1.4835461e+03
   2.1290000e+03   1.4835505e+03
   2.1300000e+03   1.4835550e+03
   2.1310000e+03   1.4835595e+03
   2.1320000e+03   1.4835639e+03
   2.1330000e+03   1.4835684e+03
   2.1340000e+03   1.4835729e+03
   2.1350000e+03   1.4835774e+03
   2.1360000e+03   1.4835819e+03
   2.1370000e+03   1.4835864e+03
   2.1380000e+03   1.4835909e+03
   2.1390000e+03   1.4835953e+03
   2.1400000e+03   1.4835998e+03
   2.1410000e+03   1.4836043e+03
   2.1420000e+03   1.4836089e+03
   2.1430000e+03   1.4836134e+03
   2.1440000e+03   1.4836179e+03
   2.1450000e+03   1.4836224e+03
   2.1460000e+03   1.4836269e+03
   2.1470000e+03   1.4836314e+03
   2.1480000e+03   1.4836359e+03
   2.1490000e+03   1.4836405e+03
   2.1500000e+03   1.4836450e+03
   2.1510000e+03   1.4836495e+03
   2.1520000e+03   1.4836541e+03
   2.1530000e+03   1.4836586e+03
   2.1540000e+03   1.4836631e+03
   2.1550000e+03   1.4836677e+03
   2.1560000e+03   1.4836722e+03
   2.1570000e+03   1.4836768e+03
   2.1580000e+03   1.4836813e+03
   2.1590000e+03   1.4836859e+03
   2.1600000e+03   1.4836904e+03
   2.1610000e+03   1.4836950e+03
   2.1620000e+03   1.4836995e+03
   2.1630000e+03   1.4837041e+03
   2.1640000e+03   1.4837087e+03
   2.1650000e+03   1.4837132e+03
   2.1660000e+03   1.4837178e+03
   2.1670000e+03   1.4837224e+03
   2.1680000e+03   1.4837270e+03
   2.1690000e+03   1.4837315e+03
   2.1700000e+03   1.4837361e+03
   2.1710000e+03   1.4837407e+03
   2.1720000e+03   1.4837453e+03
   2.1730000e+03   1.4837499e+03
   2.1740000e+03   1.4837545e+03
   2.1750000e+03   1.4837591e+03
   2.1760000e+03   1.4837637e+03
   2.1770000e+03   1.4837683e+03
   2.1780000e+03   1.4837729e+03
   2.1790000e+03   1.4837775e+03
   2.1800000e+03   1.4837821e+03
   2.1810000e+03   1.4837868e+03
   2.1820000e+03   1.4837914e+03
   2.1830000e+03   1.4837960e+03
   2.1840000e+03   1.4838006e+03
   2.1850000e+03   1.4838052e+03
   2.1860000e+03   1.4838099e+03
   2.1870000e+03   1.4838145e+03
   2.1880000e+03   1.4838192e+03
   2.1890000e+03   1.4838238e+03
   2.1900000e+03   1.4838284e+03
   2.1910000e+03   1.4838331e+03
   2.1920000e+03   1.4838377e+03
   2.1930000e+03   1.4838424e+03
   2.1940000e+03   1.4838470e+03
   2.1950000e+03   1.4838517e+03
   2.1960000e+03   1.4838564e+03
   2.1970000e+03   1.4838610e+03
   2.1980000e+03   1.4838657e+03
   2.1990000e+03   1.4838704e+03
   2.2000000e+03   1.4838750e+03
   2.2010000e+03   1.4838797e+03
   2.2020000e+03   1.4838844e+03
   2.2030000e+03   1.4838891e+03
   2.2040000e+03   1.4838937e+03
   2.2050000e+03   1.4838984e+03
   2.2060000e+03   1.4839031e+03
   2.2070000e+03   1.4839078e+03
   2.2080000e+03   1.4839125e+03
   2.2090000e+03   1.4839172e+03
   2.2100000e+03   1.4839219e+03
   2.2110000e+03   1.4839266e+03
   2.2120000e+03   1.4839313e+03
   2.2130000e+03   1.4839360e+03
   2.2140000e+03   1.4839407e+03
   2.2150000e+03   1.4839455e+03
   2.2160000e+03   1.4839502e+03
   2.2170000e+03   1.4839549e+03
   2.2180000e+03   1.4839596e+03
   2.2190000e+03   1.4839643e+03
   2.2200000e+03   1.4839691e+03
   2.2210000e+03   1.4839738e+03
   2.2220000e+03   1.4839785e+03
   2.2230000e+03   1.4839833e+03
   2.2240000e+03   1.4839880e+03
   2.2250000e+03   1.4839928e+03
   2.2260000e+03   1.4839975e+03
   2.2270000e+03   1.4840023e+03
   2.2280000e+03   1.4840070e+03
   2.2290000e+03   1.4840118e+03
   2.2300000e+03   1.4840165e+03
   2.2310000e+03   1.4840213e+03
   2.2320000e+03   1.4840261e+03
   2.2330000e+03   1.4840308e+03
   2.2340000e+03   1.4840356e+03
   2.2350000e+03   1.4840404e+03
   2.2360000e+03   1.4840452e+03
   2.2370000e+03   1.4840499e+03
   2.2380000e+03   1.4840547e+03
   2.2390000e+03   1.4840595e+03
   2.2400000e+03   1.4840643e+03
   2.2410000e+03   1.4840691e+03
   2.2420000e+03   1.4840739e+03
   2.2430000e+03   1.4840787e+03
   2.2440000e+03   1.4840835e+03
   2.2450000e+03   1.4840883e+03
   2.2460000e+03   1.4840931e+03
   2.2470000e+03   1.4840979e+03
   2.2480000e+03   1.4841027e+03
   2.2490000e+03   1.4841075e+03
   2.2500000e+03   1.4841123e+03
   2.2510000e+03   1.4841172e+03
   2.2520000e+03   1.4841220e+03
   2.2530000e+03   1.4841268e+03
   2.2540000e+03   1.4841316e+03
   2.2550000e+03   1.4841365e+03
   2.2560000e+03   1.4841413e+03
   2.2570000e+03   1.4841461e+03
   2.2580000e+03   1.4841510e+03
   2.2590000e+03   1.4841558e+03
   2.2600000e+03   1.4841607e+03
   2.2610000e+03   1.4841655e+03
   2.2620000e+03   1.4841704e+03
   2.2630000e+03   1.4841752e+03
   2.2640000e+03   1.4841801e+03
   2.2650000e+03   1.4841850e+03
   2.2660000e+03   1.4841898e+03
   2.2670000e+03   1.4841947e+03
   2.2680000e+03   1.4841996e+03
   2.2690000e+03   1.4842044e+03
   2.2700000e+03   1.4842093e+03
   2.2710000e+03   1.4842142e+03
   2.2720000e+03   1.4842191e+03
   2.2730000e+03   1.4842239e+03
   2.2740000e+03   1.4842288e+03
   2.2750000e+03   1.4842337e+03
   2.2760000e+03   1.4842386e+03
   2.2770000e+03   1.4842435e+03
   2.2780000e+03   1.4842484e+03
   2.2790000e+03   1.4842533e+03
   2.2800000e+03   1.4842582e+03
   2.2810000e+03   1.4842631e+03
   2.2820000e+03   1.4842680e+03
   2.2830000e+03   1.4842729e+03
   2.2840000e+03   1.4842779e+03
   2.2850000e+03   1.4842828e+03
   2.2860000e+03   1.4842877e+03
   2.2870000e+03   1.4842926e+03
   2.2880000e+03   1.4842976e+03
   2.2890000e+03   1.4843025e+03
   2.2900000e+03   1.4843074e+03
   2.2910000e+03   1.4843124e+03
   2.2920000e+03   1.4843173e+03
   2.2930000e+03   1.4843222e+03
   2.2940000e+03   1.4843272e+03
   2.2950000e+03   1.4843321e+03
   2.2960000e+03   1.4843371e+03
   2.2970000e+03   1.4843420e+03
   2.2980000e+03   1.4843470e+03
   2.2990000e+03   1.4843519e+03
   2.3000000e+03   1.4843569e+03
   2.3010000e+03   1.4843619e+03
   2.3020000e+03   1.4843668e+03
   2.3030000e+03   1.4843718e+03
   2.3040000e+03   1.4843768e+03
   2.3050000e+03   1.4843818e+03
   2.3060000e+03   1.4843867e+03
   2.3070000e+03   1.4843917e+03
   2.3080000e+03   1.4843967e+03
   2.3090000e+03   1.4844017e+03
   2.3100000e+03   1.4844067e+03
   2.3110000e+03   1.4844117e+03
   2.3120000e+03   1.4844167e+03
   2.3130000e+03   1.4844217e+03
   2.3140000e+03   1.4844267e+03
   2.3150000e+03   1.4844317e+03
   2.3160000e+03   1.4844367e+03
   2.3170000e+03   1.4844417e+03
   2.3180000e+03   1.4844467e+03
   2.3190000e+03   1.4844517e+03
   2.3200000e+03   1.4844568e+03
   2.3210000e+03   1.4844618e+03
   2.3220000e+03   1.4844668e+03
   2.3230000e+03   1.4844718e+03
   2.3240000e+03   1.4844769e+03
   2.3250000e+03   1.4844819e+03
   2.3260000e+03   1.4844869e+03
   2.3270000e+03   1.4844920e+03
   2.3280000e+03   1.4844970e+03
   2.3290000e+03   1.4845021e+03
   2.3300000e+03   1.4845071e+03
   2.3310000e+03   1.4845122e+03
   2.3320000e+03   1.4845172e+03
   2.3330000e+03   1.4845223e+03
   2.3340000e+03   1.4845273e+03
   2.3350000e+03   1.4845324e+03
   2.3360000e+03   1.4845375e+03
   2.3370000e+03   1.4845425e+03
   2.3380000e+03   1.4845476e+03
   2.3390000e+03   1.4845527e+03
   2.3400000e+03   1.4845578e+03
   2.3410000e+03   1.4845628e+03
   2.3420000e+03   1.4845679e+03
   2.3430000e+03   1.4845730e+03
   2.3440000e+03   1.4845781e+03
   2.3450000e+03   1.4845832e+03
   2.3460000e+03   1.4845883e+03
   2.3470000e+03   1.4845934e+03
   2.3480000e+03   1.4845985e+03
   2.3490000e+03   1.4846036e+03
   2.3500000e+03   1.4846087e+03
   2.3510000e+03   1.4846138e+03
   2.3520000e+03   1.4846189e+03
   2.3530000e+03   1.4846240e+03
   2.3540000e+03   1.4846292e+03
   2.3550000e+03   1.4846343e+03
   2.3560000e+03   1.4846394e+03
   2.3570000e+03   1.4846445e+03
   2.3580000e+03   1.4846497e+03
   2.3590000e+03   1.4846548e+03
   2.3600000e+03   1.4846599e+03
   2.3610000e+03   1.4846651e+03
   2.3620000e+03   1.4846702e+03
   2.3630000e+03   1.4846753e+03
   2.3640000e+03   1.4846805e+03
   2.3650000e+03   1.4846856e+03
   2.3660000e+03   1.4846908e+03
   2.3670000e+03   1.4846959e+03
   2.3680000e+03   1.4847011e+03
   2.3690000e+03   1.4847063e+03
   2.3700000e+03   1.4847114e+03
   2.3710000e+03   1.4847166e+03
   2.3720000e+03   1.4847218e+03
   2.3730000e+03   1.4847269e+03
   2.3740000e+03   1.4847321e+03
   2.3750000e+03   1.4847373e+03
   2.3760000e+03   1.4847425e+03
   2.3770000e+03   1.4847477e+03
   2.3780000e+03   1.4847528e+03
   2.3790000e+03   1.4847580e+03
   2.3800000e+03   1.4847632e+03
   2.3810000e+03   1.4847684e+03
   2.3820000e+03   1.4847736e+03
   2.3830000e+03   1.4847788e+03
   2.3840000e+03   1.4847840e+03
   2.3850000e+03   1.4847892e+03
   2.3860000e+03   1.4847944e+03
   2.3870000e+03   1.4847997e+03
   2.3880000e+03   1.4848049e+03
   2.3890000e+03   1.4848101e+03
   2.3900000e+03   1.4848153e+03
   2.3910000e+03   1.4848205e+03
   2.3920000e+03   1.4848258e+03
   2.3930000e+03   1.4848310e+03
   2.3940000e+03   1.4848362e+03
   2.3950000e+03   1.4848415e+03
   2.3960000e+03   1.4848467e+03
   2.3970000e+03   1.4848519e+03
   2.3980000e+03   1.4848572e+03
   2.3990000e+03   1.4848624e+03
   2.4000000e+03   1.4848677e+03
   2.4010000e+03   1.4848729e+03
   2.4020000e+03   1.4848782e+03
   2.4030000e+03   1.4848835e+03
   2.4040000e+03   1.4848887e+03
   2.4050000e+03   1.4848940e+03
   2.4060000e+03   1.4848992e+03
   2.4070000e+03   1.4849045e+03
   2.4080000e+03   1.4849098e+03
   2.4090000e+03   1.4849151e+03
   2.4100000e+03   1.4849203e+03
   2.4110000e+03   1.4849256e+03
   2.4120000e+03   1.4849309e+03
   2.4130000e+03   1.4849362e+03
   2.4140000e+03   1.4849415e+03
   2.4150000e+03   1.4849468e+03
   2.4160000e+03   1.4849521e+03
   2.4170000e+03   1.4849574e+03
   2.4180000e+03   1.4849627e+03
   2.4190000e+03   1.4849680e+03
   2.4200000e+03   1.4849733e+03
   2.4210000e+03   1.4849786e+03
   2.4220000e+03   1.4849839e+03
   2.4230000e+03   1.4849892e+03
   2.4240000e+03   1.4849945e+03
   2.4250000e+03   1.4849999e+03
   2.4260000e+03   1.4850052e+03
   2.4270000e+03   1.4850105e+03
   2.4280000e+03   1.4850159e+03
   2.4290000e+03   1.4850212e+03
   2.4300000e+03   1.4850265e+03
   2.4310000e+03   1.4850319e+03
   2.4320000e+03   1.4850372e+03
   2.4330000e+03   1.4850425e+03
   2.4340000e+03   1.4850479e+03
   2.4350000e+03   1.4850532e+03
   2.4360000e+03   1.4850586e+03
   2.4370000e+03   1.4850640e+03
   2.4380000e+03   1.4850693e+03
   2.4390000e+03   1.4850747e+03
   2.4400000e+03   1.4850800e+03
   2.4410000e+03   1.4850854e+03
   2.4420000e+03   1.4850908e+03
   2.4430000e+03   1.4850962e+03
   2.4440000e+03   1.4851015e+03
   2.4450000e+03   1.4851069e+03
   2.4460000e+03   1.4851123e+03
   2.4470000e+03   1.4851177e+03
   2.4480000e+03   1.4851231e+03
   2.4490000e+03   1.4851285e+03
   2.4500000e+03   1.4851338e+03
   2.4510000e+03   1.4851392e+03
   2.4520000e+03   1.4851446e+03
   2.4530000e+03   1.4851500e+03
   2.4540000e+03   1.4851554e+03
   2.4550000e+03   1.4851609e+03
   2.4560000e+03   1.4851663e+03
   2.4570000e+03   1.4851717e+03
   2.4580000e+03   1.4851771e+03
   2.4590000e+03   1.4851825e+03
   2.4600000e+03   1.4851879e+03
   2.4610000e+03   1.4851934e+03
   2.4620000e+03   1.4851988e+03
   2.4630000e+03   1.4852042e+03
   2.4640000e+03   1.4852097e+03
   2.4650000e+03   1.4852151e+03
   2.4660000e+03   1.4852205e+03
   2.4670000e+03   1.4852260e+03
   2.4680000e+03   1.4852314e+03
   2.4690000e+03   1.4852369e+03
   2.4700000e+03   1.4852423e+03
   2.4710000e+03   1.4852478e+03
   2.4720000e+03   1.4852532e+03
   2.4730000e+03   1.4852587e+03
   2.4740000e+03   1.4852641e+03
   2.4750000e+03   1.4852696e+03
   2.4760000e+03   1.4852751e+03
   2.4770000e+03   1.4852806e+03
   2.4780000e+03   1.4852860e+03
   2.4790000e+03   1.4852915e+03
   2.4800000e+03   1.4852970e+03
   2.4810000e+03   1.4853025e+03
   2.4820000e+03   1.4853079e+03
   2.4830000e+03   1.4853134e+03
   2.4840000e+03   1.4853189e+03
   2.4850000e+03   1.4853244e+03
   2.4860000e+03   1.4853299e+03
   2.4870000e+03   1.4853354e+03
   2.4880000e+03   1.4853409e+03
   2.4890000e+03   1.4853464e+03
   2.4900000e+03   1.4853519e+03
   2.4910000e+03   1.4853574e+03
   2.4920000e+03   1.4853630e+03
   2.4930000e+03   1.4853685e+03
   2.4940000e+03   1.4853740e+03
   2.4950000e+03   1.4853795e+03
   2.4960000e+03   1.4853850e+03
   2.4970000e+03   1.4853906e+03
   2.4980000e+03   1.4853961e+03
   2.4990000e+03   1.4854016e+03
   2.5000000e+03   1.4854072e+03
   2.5010000e+03   1.4854127e+03
   2.5020000e+03   1.4854182e+03
   2.5030000e+03   1.4854238e+03
   2.5040000e+03   1.4854293e+03
   2.5050000e+03   1.4854349e+03
   2.5060000e+03   1.4854404e+03
   2.5070000e+03   1.4854460e+03
   2.5080000e+03   1.4854516e+03
   2.5090000e+03   1.4854571e+03
   2.5100000e+03   1.4854627e+03
   2.5110000e+03   1.4854683e+03
   2.5120000e+03   1.4854738e+03
   2.5130000e+03   1.4854794e+03
   2.5140000e+03   1.4854850e+03
   2.5150000e+03   1.4854906e+03
   2.5160000e+03   1.4854961e+03
   2.5170000e+03   1.4855017e+03
   2.5180000e+03   1.4855073e+03
   2.5190000e+03   1.4855129e+03
   2.5200000e+03   1.4855185e+03
   2.5210000e+03   1.4855241e+03
   2.5220000e+03   1.4855297e+03
   2.5230000e+03   1.4855353e+03
   2.5240000e+03   1.4855409e+03
   2.5250000e+03   1.4855465e+03
   2.5260000e+03   1.4855521e+03
   2.5270000e+03   1.4855577e+03
   2.5280000e+03   1.4855633e+03
   2.5290000e+03   1.4855690e+03
   2.5300000e+03   1.4855746e+03
   2.5310000e+03   1.4855802e+03
   2.5320000e+03   1.4855858e+03
   2.5330000e+03   1.4855915e+03
   2.5340000e+03   1.4855971e+03
   2.5350000e+03   1.4856027e+03
   2.5360000e+03   1.4856084e+03
   2.5370000e+03   1.4856140e+03
   2.5380000e+03   1.4856197e+03
   2.5390000e+03   1.4856253e+03
   2.5400000e+03   1.4856310e+03
   2.5410000e+03   1.4856366e+03
   2.5420000e+03   1.4856423e+03
   2.5430000e+03   1.4856479e+03
   2.5440000e+03   1.4856536e+03
   2.5450000e+03   1.4856593e+03
   2.5460000e+03   1.4856649e+03
   2.5470000e+03   1.4856706e+03
   2.5480000e+03   1.4856763e+03
   2.5490000e+03   1.4856819e+03
   2.5500000e+03   1.4856876e+03
   2.5510000e+03   1.4856933e+03
   2.5520000e+03   1.4856990e+03
   2.5530000e+03   1.4857047e+03
   2.5540000e+03   1.4857104e+03
   2.5550000e+03   1.4857161e+03
   2.5560000e+03   1.4857218e+03
   2.5570000e+03   1.4857275e+03
   2.5580000e+03   1.4857332e+03
   2.5590000e+03   1.4857389e+03
   2.5600000e+03   1.4857446e+03
   2.5610000e+03   1.4857503e+03
   2.5620000e+03   1.4857560e+03
   2.5630000e+03   1.4857617e+03
   2.5640000e+03   1.4857674e+03
   2.5650000e+03   1.4857731e+03
   2.5660000e+03   1.4857789e+03
   2.5670000e+03   1.4857846e+03
   2.5680000e+03   1.4857903e+03
   2.5690000e+03   1.4857961e+03
   2.5700000e+03   1.4858018e+03
   2.5710000e+03   1.4858075e+03
   2.5720000e+03   1.4858133e+03
   2.5730000e+03   1.4858190e+03
   2.5740000e+03   1.4858248e+03
   2.5750000e+03   1.4858305e+03
   2.5760000e+03   1.4858363e+03
   2.5770000e+03   1.4858420e+03
   2.5780000e+03   1.4858478e+03
   2.5790000e+03   1.4858535e+03
   2.5800000e+03   1.4858593e+03
   2.5810000e+03   1.4858651e+03
   2.5820000e+03   1.4858708e+03
   2.5830000e+03   1.4858766e+03
   2.5840000e+03   1.4858824e+03
   2.5850000e+03   1.4858882e+03
   2.5860000e+03   1.4858940e+03
   2.5870000e+03   1.4858997e+03
   2.5880000e+03   1.4859055e+03
   2.5890000e+03   1.4859113e+03
   2.5900000e+03   1.4859171e+03
   2.5910000e+03   1.4859229e+03
   2.5920000e+03   1.4859287e+03
   2.5930000e+03   1.4859345e+03
   2.5940000e+03   1.4859403e+03
   2.5950000e+03   1.4859461e+03
   2.5960000e+03   1.4859519e+03
   2.5970000e+03   1.4859577e+03
   2.5980000e+03   1.4859635e+03
   2.5990000e+03   1.4859694e+03
   2.6000000e+03   1.4859752e+03
   2.6010000e+03   1.4859810e+03
   2.6020000e+03   1.4859868e+03
   2.6030000e+03   1.4859927e+03
   2.6040000e+03   1.4859985e+03
   2.6050000e+03   1.4860043e+03
   2.6060000e+03   1.4860102e+03
   2.6070000e+03   1.4860160e+03
   2.6080000e+03   1.4860219e+03
   2.6090000e+03   1.4860277e+03
   2.6100000e+03   1.4860336e+03
   2.6110000e+03   1.4860394e+03
   2.6120000e+03   1.4860453e+03
   2.6130000e+03   1.4860511e+03
   2.6140000e+03   1.4860570e+03
   2.6150000e+03   1.4860628e+03
   2.6160000e+03   1.4860687e+03
   2.6170000e+03   1.4860746e+03
   2.6180000e+03   1.4860804e+03
   2.6190000e+03   1.4860863e+03
   2.6200000e+03   1.4860922e+03
   2.6210000e+03   1.4860981e+03
   2.6220000e+03   1.4861040e+03
   2.6230000e+03   1.4861099e+03
   2.6240000e+03   1.4861157e+03
   2.6250000e+03   1.4861216e+03
   2.6260000e+03   1.4861275e+03
   2.6270000e+03   1.4861334e+03
   2.6280000e+03   1.4861393e+03
   2.6290000e+03   1.4861452e+03
   2.6300000e+03   1.4861511e+03
   2.6310000e+03   1.4861570e+03
   2.6320000e+03   1.4861630e+03
   2.6330000e+03   1.4861689e+03
   2.6340000e+03   1.4861748e+03
   2.6350000e+03   1.4861807e+03
   2.6360000e+03   1.4861866e+03
   2.6370000e+03   1.4861926e+03
   2.6380000e+03   1.4861985e+03
   2.6390000e+03   1.4862044e+03
   2.6400000e+03   1.4862104e+03
   2.6410000e+03   1.4862163e+03
   2.6420000e+03   1.4862222e+03
   2.6430000e+03   1.4862282e+03
   2.6440000e+03   1.4862341e+03
   2.6450000e+03   1.4862401e+03
   2.6460000e+03   1.4862460e+03
   2.6470000e+03   1.4862520e+03
   2.6480000e+03   1.4862579e+03
   2.6490000e+03   1.4862639e+03
   2.6500000e+03   1.4862699e+03
   2.6510000e+03   1.4862758e+03
   2.6520000e+03   1.4862818e+03
   2.6530000e+03   1.4862878e+03
   2.6540000e+03   1.4862937e+03
   2.6550000e+03   1.4862997e+03
   2.6560000e+03   1.4863057e+03
   2.6570000e+03   1.4863117e+03
   2.6580000e+03   1.4863177e+03
   2.6590000e+03   1.4863236e+03
   2.6600000e+03   1.4863296e+03
   2.6610000e+03   1.4863356e+03
   2.6620000e+03   1.4863416e+03
   2.6630000e+03   1.4863476e+03
   2.6640000e+03   1.4863536e+03
   2.6650000e+03   1.4863596e+03
   2.6660000e+03   1.4863656e+03
   2.6670000e+03   1.4863717e+03
   2.6680000e+03   1.4863777e+03
   2.6690000e+03   1.4863837e+03
   2.6700000e+03   1.4863897e+03
   2.6710000e+03   1.4863957e+03
   2.6720000e+03   1.4864017e+03
   2.6730000e+03   1.4864078e+03
   2.6740000e+03   1.4864138e+03
   2.6750000e+03   1.4864198e+03
   2.6760000e+03   1.4864259e+03
   2.6770000e+03   1.4864319e+03
   2.6780000e+03   1.4864380e+03
   2.6790000e+03   1.4864440e+03
   2.6800000e+03   1.4864500e+03
   2.6810000e+03   1.4864561e+03
   2.6820000e+03   1.4864622e+03
   2.6830000e+03   1.4864682e+03
   2.6840000e+03   1.4864743e+03
   2.6850000e+03   1.4864803e+03
   2.6860000e+03   1.4864864e+03
   2.6870000e+03   1.4864925e+03
   2.6880000e+03   1.4864985e+03
   2.6890000e+03   1.4865046e+03
   2.6900000e+03   1.4865107e+03
   2.6910000e+03   1.4865168e+03
   2.6920000e+03   1.4865228e+03
   2.6930000e+03   1.4865289e+03
   2.6940000e+03   1.4865350e+03
   2.6950000e+03   1.4865411e+03
   2.6960000e+03   1.4865472e+03
   2.6970000e+03   1.4865533e+03
   2.6980000e+03   1.4865594e+03
   2.6990000e+03   1.4865655e+03
   2.7000000e+03   1.4865716e+03
   2.7010000e+03   1.4865777e+03
   2.7020000e+03   1.4865838e+03
   2.7030000e+03   1.4865899e+03
   2.7040000e+03   1.4865960e+03
   2.7050000e+03   1.4866022e+03
   2.7060000e+03   1.4866083e+03
   2.7070000e+03   1.4866144e+03
   2.7080000e+03   1.4866205e+03
   2.7090000e+03   1.4866267e+03
   2.7100000e+03   1.4866328e+03
   2.7110000e+03   1.4866389e+03
   2.7120000e+03   1.4866451e+03
   2.7130000e+03   1.4866512e+03
   2.7140000e+03   1.4866573e+03
   2.7150000e+03   1.4866635e+03
   2.7160000e+03   1.4866696e+03
   2.7170000e+03   1.4866758e+03
   2.7180000e+03   1.4866820e+03
   2.7190000e+03   1.4866881e+03
   2.7200000e+03   1.4866943e+03
   2.7210000e+03   1.4867004e+03
   2.7220000e+03   1.4867066e+03
   2.7230000e+03   1.4867128e+03
   2.7240000e+03   1.4867189e+03
   2.7250000e+03   1.4867251e+03
   2.7260000e+03   1.4867313e+03
   2.7270000e+03   1.4867375e+03
   2.7280000e+03   1.4867437e+03
   2.7290000e+03   1.4867498e+03
   2.7300000e+03   1.4867560e+03
   2.7310000e+03   1.4867622e+03
   2.7320000e+03   1.4867684e+03
   2.7330000e+03   1.4867746e+03
   2.7340000e+03   1.4867808e+03
   2.7350000e+03   1.4867870e+03
   2.7360000e+03   1.4867932e+03
   2.7370000e+03   1.4867994e+03
   2.7380000e+03   1.4868056e+03
   2.7390000e+03   1.4868119e+03
   2.7400000e+03   1.4868181e+03
   2.7410000e+03   1.4868243e+03
   2.7420000e+03   1.4868305e+03
   2.7430000e+03   1.4868367e+03
   2.7440000e+03   1.4868430e+03
   2.7450000e+03   1.4868492e+03
   2.7460000e+03   1.4868554e+03
   2.7470000e+03   1.4868617e+03
   2.7480000e+03   1.4868679e+03
   2.7490000e+03   1.4868742e+03
   2.7500000e+03   1.4868804e+03
   2.7510000e+03   1.4868866e+03
   2.7520000e+03   1.4868929e+03
   2.7530000e+03   1.4868992e+03
   2.7540000e+03   1.4869054e+03
   2.7550000e+03   1.4869117e+03
   2.7560000e+03   1.4869179e+03
   2.7570000e+03   1.4869242e+03
   2.7580000e+03   1.4869305e+03
   2.7590000e+03   1.4869367e+03
   2.7600000e+03   1.4869430e+03
   2.7610000e+03   1.4869493e+03
   2.7620000e+03   1.4869556e+03
   2.7630000e+03   1.4869618e+03
   2.7640000e+03   1.4869681e+03
   2.7650000e+03   1.4869744e+03
   2.7660000e+03   1.4869807e+03
   2.7670000e+03   1.4869870e+03
   2.7680000e+03   1.4869933e+03
   2.7690000e+03   1.4869996e+03
   2.7700000e+03   1.4870059e+03
   2.7710000e+03   1.4870122e+03
   2.7720000e+03   1.4870185e+03
   2.7730000e+03   1.4870248e+03
   2.7740000e+03   1.4870311e+03
   2.7750000e+03   1.4870374e+03
   2.7760000e+03   1.4870438e+03
   2.7770000e+03   1.4870501e+03
   2.7780000e+03   1.4870564e+03
   2.7790000e+03   1.4870627e+03
   2.7800000e+03   1.4870691e+03
   2.7810000e+03   1.4870754e+03
   2.7820000e+03   1.4870817e+03
   2.7830000e+03   1.4870881e+03
   2.7840000e+03   1.4870944e+03
   2.7850000e+03   1.4871008e+03
   2.7860000e+03   1.4871071e+03
   2.7870000e+03   1.4871134e+03
   2.7880000e+03   1.4871198e+03
   2.7890000e+03   1.4871262e+03
   2.7900000e+03   1.4871325e+03
   2.7910000e+03   1.4871389e+03
   2.7920000e+03   1.4871452e+03
   2.7930000e+03   1.4871516e+03
   2.7940000e+03   1.4871580e+03
   2.7950000e+03   1.4871643e+03
   2.7960000e+03   1.4871707e+03
   2.7970000e+03   1.4871771e+03
   2.7980000e+03   1.4871835e+03
   2.7990000e+03   1.4871899e+03
   2.8000000e+03   1.4871962e+03
   2.8010000e+03   1.4872026e+03
   2.8020000e+03   1.4872090e+03
   2.8030000e+03   1.4872154e+03
   2.8040000e+03   1.4872218e+03
   2.8050000e+03   1.4872282e+03
   2.8060000e+03   1.4872346e+03
   2.8070000e+03   1.4872410e+03
   2.8080000e+03   1.4872474e+03
   2.8090000e+03   1.4872538e+03
   2.8100000e+03   1.4872603e+03
   2.8110000e+03   1.4872667e+03
   2.8120000e+03   1.4872731e+03
   2.8130000e+03   1.4872795e+03
   2.8140000e+03   1.4872859e+03
   2.8150000e+03   1.4872924e+03
   2.8160000e+03   1.4872988e+03
   2.8170000e+03   1.4873052e+03
   2.8180000e+03   1.4873117e+03
   2.8190000e+03   1.4873181e+03
   2.8200000e+03   1.4873246e+03
   2.8210000e+03   1.4873310e+03
   2.8220000e+03   1.4873374e+03
   2.8230000e+03   1.4873439e+03
   2.8240000e+03   1.4873504e+03
   2.8250000e+03   1.4873568e+03
   2.8260000e+03   1.4873633e+03
   2.8270000e+03   1.4873697e+03
   2.8280000e+03   1.4873762e+03
   2.8290000e+03   1.4873827e+03
   2.8300000e+03   1.4873891e+03
   2.8310000e+03   1.4873956e+03
   2.8320000e+03   1.4874021e+03
   2.8330000e+03   1.4874086e+03
   2.8340000e+03   1.4874150e+03
   2.8350000e+03   1.4874215e+03
   2.8360000e+03   1.4874280e+03
   2.8370000e+03   1.4874345e+03
   2.8380000e+03   1.4874410e+03
   2.8390000e+03   1.4874475e+03
   2.8400000e+03   1.4874540e+03
   2.8410000e+03   1.4874605e+03
   2.8420000e+03   1.4874670e+03
   2.8430000e+03   1.4874735e+03
   2.8440000e+03   1.4874800e+03
   2.8450000e+03   1.4874865e+03
   2.8460000e+03   1.4874930e+03
   2.8470000e+03   1.4874996e+03
   2.8480000e+03   1.4875061e+03
   2.8490000e+03   1.4875126e+03
   2.8500000e+03   1.4875191e+03
   2.8510000e+03   1.4875257e+03
   2.8520000e+03   1.4875322e+03
   2.8530000e+03   1.4875387e+03
   2.8540000e+03   1.4875453e+03
   2.8550000e+03   1.4875518e+03
   2.8560000e+03   1.4875583e+03
   2.8570000e+03   1.4875649e+03
   2.8580000e+03   1.4875714e+03
   2.8590000e+03   1.4875780e+03
   2.8600000e+03   1.4875845e+03
   2.8610000e+03   1.4875911e+03
   2.8620000e+03   1.4875977e+03
   2.8630000e+03   1.4876042e+03
   2.8640000e+03   1.4876108e+03
   2.8650000e+03   1.4876174e+03
   2.8660000e+03   1.4876239e+03
   2.8670000e+03   1.4876305e+03
   2.8680000e+03   1.4876371e+03
   2.8690000e+03   1.4876437e+03
   2.8700000e+03   1.4876502e+03
   2.8710000e+03   1.4876568e+03
   2.8720000e+03   1.4876634e+03
   2.8730000e+03   1.4876700e+03
   2.8740000e+03   1.4876766e+03
   2.8750000e+03   1.4876832e+03
   2.8760000e+03   1.4876898e+03
   2.8770000e+03   1.4876964e+03
   2.8780000e+03   1.4877030e+03
   2.8790000e+03   1.4877096e+03
   2.8800000e+03   1.4877162e+03
   2.8810000e+03   1.4877228e+03
   2.8820000e+03   1.4877294e+03
   2.8830000e+03   1.4877361e+03
   2.8840000e+03   1.4877427e+03
   2.8850000e+03   1.4877493e+03
   2.8860000e+03   1.4877559e+03
   2.8870000e+03   1.4877626e+03
   2.8880000e+03   1.4877692e+03
   2.8890000e+03   1.4877758e+03
   2.8900000e+03   1.4877825e+03
   2.8910000e+03   1.4877891e+03
   2.8920000e+03   1.4877958e+03
   2.8930000e+03   1.4878024e+03
   2.8940000e+03   1.4878091e+03
   2.8950000e+03   1.4878157e+03
   2.8960000e+03   1.4878224e+03
   2.8970000e+03   1.4878290e+03
   2.8980000e+03   1.4878357e+03
   2.8990000e+03   1.4878423e+03
   2.9000000e+03   1.4878490e+03
   2.9010000e+03   1.4878557e+03
   2.9020000e+03   1.4878624e+03
   2.9030000e+03   1.4878690e+03
   2.9040000e+03   1.4878757e+03
   2.9050000e+03   1.4878824e+03
   2.9060000e+03   1.4878891e+03
   2.9070000e+03   1.4878958e+03
   2.9080000e+03   1.4879024e+03
   2.9090000e+03   1.4879091e+03
   2.9100000e+03   1.4879158e+03
   2.9110000e+03   1.4879225e+03
   2.9120000e+03   1.4879292e+03
   2.9130000e+03   1.4879359e+03
   2.9140000e+03   1.4879426e+03
   2.9150000e+03   1.4879493e+03
   2.9160000e+03   1.4879561e+03
   2.9170000e+03   1.4879628e+03
   2.9180000e+03   1.4879695e+03
   2.9190000e+03   1.4879762e+03
   2.9200000e+03   1.4879829e+03
   2.9210000e+03   1.4879897e+03
   2.9220000e+03   1.4879964e+03
   2.9230000e+03   1.4880031e+03
   2.9240000e+03   1.4880098e+03
   2.9250000e+03   1.4880166e+03
   2.9260000e+03   1.4880233e+03
   2.9270000e+03   1.4880301e+03
   2.9280000e+03   1.4880368e+03
   2.9290000e+03   1.4880436e+03
   2.9300000e+03   1.4880503e+03
   2.9310000e+03   1.4880571e+03
   2.9320000e+03   1.4880638e+03
   2.9330000e+03   1.4880706e+03
   2.9340000e+03   1.4880773e+03
   2.9350000e+03   1.4880841e+03
   2.9360000e+03   1.4880909e+03
   2.9370000e+03   1.4880976e+03
   2.9380000e+03   1.4881044e+03
   2.9390000e+03   1.4881112e+03
   2.9400000e+03   1.4881180e+03
   2.9410000e+03   1.4881247e+03
   2.9420000e+03   1.4881315e+03
   2.9430000e+03   1.4881383e+03
   2.9440000e+03   1.4881451e+03
   2.9450000e+03   1.4881519e+03
   2.9460000e+03   1.4881587e+03
   2.9470000e+03   1.4881655e+03
   2.9480000e+03   1.4881723e+03
   2.9490000e+03   1.4881791e+03
   2.9500000e+03   1.4881859e+03
   2.9510000e+03   1.4881927e+03
   2.9520000e+03   1.4881995e+03
   2.9530000e+03   1.4882063e+03
   2.9540000e+03   1.4882132e+03
   2.9550000e+03   1.4882200e+03
   2.9560000e+03   1.4882268e+03
   2.9570000e+03   1.4882336e+03
   2.9580000e+03   1.4882404e+03
   2.9590000e+03   1.4882473e+03
   2.9600000e+03   1.4882541e+03
   2.9610000e+03   1.4882610e+03
   2.9620000e+03   1.4882678e+03
   2.9630000e+03   1.4882746e+03
   2.9640000e+03   1.4882815e+03
   2.9650000e+03   1.4882883e+03
   2.9660000e+03   1.4882952e+03
   2.9670000e+03   1.4883020e+03
   2.9680000e+03   1.4883089e+03
   2.9690000e+03   1.4883157e+03
   2.9700000e+03   1.4883226e+03
   2.9710000e+03   1.4883295e+03
   2.9720000e+03   1.4883363e+03
   2.9730000e+03   1.4883432e+03
   2.9740000e+03   1.4883501e+03
   2.9750000e+03   1.4883570e+03
   2.9760000e+03   1.4883638e+03
   2.9770000e+03   1.4883707e+03
   2.9780000e+03   1.4883776e+03
   2.9790000e+03   1.4883845e+03
   2.9800000e+03   1.4883914e+03
   2.9810000e+03   1.4883983e+03
   2.9820000e+03   1.4884052e+03
   2.9830000e+03   1.4884121e+03
   2.9840000e+03   1.4884190e+03
   2.9850000e+03   1.4884259e+03
   2.9860000e+03   1.4884328e+03
   2.9870000e+03   1.4884397e+03
   2.9880000e+03   1.4884466e+03
   2.9890000e+03   1.4884535e+03
   2.9900000e+03   1.4884604e+03
   2.9910000e+03   1.4884674e+03
   2.9920000e+03   1.4884743e+03
   2.9930000e+03   1.4884812e+03
   2.9940000e+03   1.4884881e+03
   2.9950000e+03   1.4884951e+03
   2.9960000e+03   1.4885020e+03
   2.9970000e+03   1.4885089e+03
   2.9980000e+03   1.4885159e+03
   2.9990000e+03   1.4885228e+03
   3.0000000e+03   1.4885298e+03
